id,code_insee,nom_commune,coordinates,geojson
1,36005,Ardentes,"46.737,1.815","{""type"":""Polygon"",""coordinates"":[[[1.852465,46.69084],[1.852337,46.691742],[1.852213,46.692087],[1.852046,46.692407],[1.851704,46.693355],[1.851523,46.693733],[1.85119,46.694197],[1.850879,46.694555],[1.850752,46.694615],[1.850579,46.694615],[1.850175,46.694669],[1.849763,46.694804],[1.849445,46.694875],[1.848872,46.695189],[1.848353,46.695522],[1.84818,46.695672],[1.848255,46.695818],[1.847472,46.696228],[1.8472,46.696403],[1.847123,46.696555],[1.845134,46.696594],[1.843498,46.696857],[1.839946,46.697625],[1.839417,46.697531],[1.839122,46.697544],[1.838849,46.697601],[1.837044,46.698282],[1.825638,46.70019],[1.824678,46.701046],[1.824408,46.701327],[1.823998,46.701884],[1.823862,46.702044],[1.822791,46.702889],[1.82254,46.703141],[1.822347,46.703387],[1.814177,46.706713],[1.805874,46.710453],[1.798457,46.710716],[1.797336,46.710753],[1.796362,46.710811],[1.795255,46.710837],[1.791462,46.710997],[1.786965,46.711172],[1.783326,46.711323],[1.783112,46.711348],[1.782955,46.711434],[1.779392,46.714183],[1.776874,46.716134],[1.77652,46.716394],[1.773004,46.719116],[1.771401,46.720345],[1.770262,46.721232],[1.769053,46.722135],[1.768223,46.722788],[1.767641,46.723229],[1.766845,46.723846],[1.764854,46.725426],[1.763843,46.726177],[1.762246,46.727354],[1.761956,46.72756],[1.761259,46.728131],[1.760303,46.728884],[1.758682,46.730119],[1.758244,46.730481],[1.757458,46.731082],[1.756392,46.731869],[1.754792,46.733116],[1.753206,46.734342],[1.750916,46.736105],[1.749299,46.737317],[1.747809,46.738473],[1.747482,46.738699],[1.747896,46.738896],[1.749032,46.739475],[1.74957,46.739732],[1.752307,46.741092],[1.753912,46.741876],[1.755447,46.742649],[1.756547,46.743175],[1.757342,46.743569],[1.758207,46.744008],[1.759172,46.744479],[1.762056,46.745903],[1.762355,46.74607],[1.764372,46.747104],[1.767263,46.748519],[1.767966,46.748808],[1.770745,46.750182],[1.770991,46.750323],[1.772425,46.751011],[1.774091,46.751827],[1.775958,46.752767],[1.776234,46.752887],[1.779288,46.754392],[1.780148,46.754797],[1.780605,46.755047],[1.780457,46.755614],[1.780379,46.75606],[1.780287,46.756438],[1.780151,46.757241],[1.78004,46.757607],[1.779387,46.757515],[1.77856,46.758655],[1.780349,46.759337],[1.780445,46.759426],[1.781017,46.759759],[1.781116,46.759921],[1.781369,46.760693],[1.781468,46.760909],[1.781758,46.761233],[1.782119,46.761915],[1.782479,46.76268],[1.78273,46.763273],[1.782918,46.763646],[1.783092,46.764198],[1.783135,46.76443],[1.783261,46.764831],[1.783441,46.765245],[1.783566,46.765486],[1.783824,46.765876],[1.784283,46.766671],[1.784402,46.766953],[1.784479,46.767414],[1.784379,46.767758],[1.784398,46.767921],[1.784609,46.7684],[1.784817,46.769217],[1.784882,46.769749],[1.784903,46.770046],[1.785014,46.770408],[1.785912,46.770489],[1.78606,46.770668],[1.786324,46.771096],[1.786457,46.771252],[1.786744,46.771494],[1.787265,46.771757],[1.787657,46.771975],[1.788586,46.772559],[1.788904,46.772785],[1.79181,46.774212],[1.792861,46.774701],[1.793716,46.775119],[1.794031,46.775262],[1.794364,46.775482],[1.794964,46.775957],[1.795388,46.776236],[1.798422,46.77839],[1.799067,46.778792],[1.799658,46.778937],[1.800476,46.779167],[1.801138,46.77927],[1.802394,46.779387],[1.8031,46.779426],[1.803637,46.779478],[1.804557,46.779662],[1.804831,46.779692],[1.806255,46.779772],[1.806012,46.780229],[1.805996,46.78036],[1.806043,46.780713],[1.806044,46.78092],[1.806334,46.781112],[1.806444,46.781275],[1.80664,46.78178],[1.806923,46.78173],[1.808043,46.781587],[1.809649,46.781429],[1.810182,46.781482],[1.812431,46.782038],[1.812918,46.782116],[1.813538,46.782186],[1.814411,46.782251],[1.814629,46.78228],[1.815084,46.78238],[1.815356,46.782468],[1.816079,46.782736],[1.816931,46.782973],[1.817455,46.78314],[1.818241,46.783412],[1.819163,46.783793],[1.820698,46.782525],[1.820915,46.782379],[1.821716,46.78201],[1.822275,46.781733],[1.823336,46.781117],[1.824106,46.780605],[1.824789,46.780109],[1.825649,46.779466],[1.826308,46.778926],[1.826701,46.778662],[1.826994,46.778492],[1.827842,46.777964],[1.828142,46.777525],[1.82841,46.7772],[1.828538,46.777098],[1.828858,46.776913],[1.829115,46.776796],[1.830124,46.776201],[1.830554,46.775993],[1.831349,46.775661],[1.831663,46.77557],[1.83295,46.775269],[1.833404,46.775142],[1.83377,46.774984],[1.833932,46.774872],[1.834002,46.774678],[1.834171,46.773591],[1.834271,46.773101],[1.834442,46.772705],[1.834396,46.772335],[1.834962,46.77241],[1.836484,46.772581],[1.837425,46.772679],[1.838784,46.772841],[1.839192,46.77285],[1.839574,46.772715],[1.84164,46.771672],[1.842087,46.771523],[1.842994,46.771315],[1.84424,46.77105],[1.844568,46.771012],[1.845267,46.771019],[1.845952,46.77104],[1.846196,46.771012],[1.846629,46.77089],[1.847811,46.770465],[1.848839,46.770108],[1.849593,46.769828],[1.84972,46.769794],[1.849671,46.769528],[1.849543,46.769014],[1.849358,46.768556],[1.849162,46.767702],[1.849025,46.767207],[1.848794,46.766471],[1.848623,46.765661],[1.84877,46.765652],[1.849913,46.765091],[1.850533,46.764749],[1.850796,46.764541],[1.851528,46.763832],[1.85202,46.763379],[1.85278,46.76266],[1.852823,46.76264],[1.853401,46.762144],[1.853789,46.761729],[1.853935,46.761608],[1.85439,46.76132],[1.854858,46.760968],[1.855,46.760888],[1.856294,46.760325],[1.856568,46.760224],[1.857949,46.759632],[1.85842,46.759379],[1.859483,46.758779],[1.8603,46.758283],[1.861037,46.757821],[1.861304,46.757636],[1.861901,46.757295],[1.862689,46.7567],[1.863188,46.756375],[1.863551,46.756243],[1.864198,46.756069],[1.865578,46.755884],[1.866675,46.755778],[1.866861,46.755721],[1.867018,46.755752],[1.867558,46.755698],[1.868123,46.755672],[1.869411,46.755681],[1.870154,46.755649],[1.870326,46.755596],[1.87075,46.755778],[1.8713,46.755765],[1.871616,46.755721],[1.872322,46.755551],[1.872638,46.755429],[1.873669,46.754994],[1.874031,46.754795],[1.874565,46.754538],[1.874992,46.754369],[1.875382,46.754149],[1.875699,46.753904],[1.875952,46.753623],[1.876268,46.753184],[1.876736,46.752476],[1.877274,46.75172],[1.877361,46.751569],[1.876253,46.750691],[1.874942,46.749836],[1.874479,46.749516],[1.874273,46.74935],[1.873814,46.748935],[1.873528,46.748656],[1.872785,46.748009],[1.872184,46.74745],[1.871999,46.747308],[1.871494,46.746854],[1.870926,46.746384],[1.87024,46.745694],[1.869489,46.74492],[1.869078,46.744565],[1.868741,46.744297],[1.867783,46.743743],[1.867334,46.743492],[1.867059,46.74336],[1.868681,46.743479],[1.869866,46.743544],[1.870278,46.743585],[1.87178,46.736056],[1.872406,46.736145],[1.873944,46.736402],[1.874588,46.736488],[1.874802,46.73654],[1.875217,46.736697],[1.877037,46.73747],[1.876639,46.736087],[1.875804,46.734194],[1.874548,46.730969],[1.874935,46.730975],[1.87655,46.73109],[1.878918,46.729663],[1.87951,46.729215],[1.88073,46.727822],[1.880667,46.727546],[1.880652,46.727178],[1.880675,46.726973],[1.880779,46.72661],[1.88087,46.726378],[1.881343,46.725551],[1.882284,46.723876],[1.882456,46.723477],[1.882508,46.723159],[1.882525,46.721522],[1.882525,46.720349],[1.88254,46.718439],[1.882545,46.716632],[1.882561,46.716056],[1.882569,46.712043],[1.88259,46.709317],[1.882617,46.706831],[1.88263,46.70449],[1.880097,46.702787],[1.87997,46.702733],[1.878689,46.701813],[1.866593,46.695119],[1.860573,46.691969],[1.858669,46.691607],[1.858384,46.691526],[1.858383,46.691452],[1.858164,46.691347],[1.85798,46.691395],[1.857806,46.69139],[1.857247,46.691193],[1.856396,46.691289],[1.855782,46.691298],[1.854769,46.691278],[1.853602,46.691293],[1.853639,46.690878],[1.852465,46.69084]]]}"
2,36009,Arthon,"46.695,1.716","{""type"":""Polygon"",""coordinates"":[[[1.704254,46.652539],[1.703975,46.652623],[1.703744,46.652663],[1.703402,46.652665],[1.703157,46.652588],[1.70303,46.652585],[1.702797,46.652663],[1.70224,46.652968],[1.701943,46.653148],[1.701611,46.653293],[1.701425,46.653338],[1.700912,46.653316],[1.700403,46.653326],[1.699748,46.653208],[1.699633,46.653216],[1.699332,46.652724],[1.697351,46.652772],[1.696889,46.652812],[1.696406,46.652908],[1.695777,46.652963],[1.69555,46.652969],[1.695206,46.652935],[1.694909,46.652941],[1.693432,46.652942],[1.693211,46.652971],[1.692094,46.653184],[1.69177,46.653259],[1.691273,46.65342],[1.690912,46.653515],[1.689608,46.653736],[1.689116,46.653813],[1.688248,46.653796],[1.687359,46.65373],[1.686867,46.653719],[1.686093,46.653788],[1.684931,46.653948],[1.684067,46.654102],[1.683742,46.654125],[1.683013,46.654202],[1.682442,46.654196],[1.682183,46.654076],[1.680985,46.653338],[1.680406,46.653084],[1.68024,46.653077],[1.679183,46.653223],[1.678199,46.653391],[1.676391,46.653676],[1.676228,46.653678],[1.675646,46.65361],[1.674954,46.653609],[1.674624,46.653536],[1.673517,46.653651],[1.670672,46.653989],[1.670562,46.654696],[1.670312,46.656215],[1.670196,46.656518],[1.669942,46.656842],[1.668707,46.658357],[1.668596,46.658457],[1.666925,46.659494],[1.666416,46.659792],[1.666115,46.659994],[1.666535,46.661012],[1.666696,46.661379],[1.667669,46.663735],[1.668113,46.664788],[1.668316,46.665305],[1.668395,46.665594],[1.668649,46.667292],[1.668939,46.66932],[1.669145,46.670613],[1.669153,46.670787],[1.669095,46.671086],[1.668966,46.671325],[1.66873,46.671688],[1.66808,46.672736],[1.669121,46.674734],[1.669199,46.675069],[1.669306,46.675333],[1.66972,46.676064],[1.669739,46.676201],[1.669702,46.676553],[1.669787,46.676794],[1.670849,46.678636],[1.670962,46.678848],[1.671056,46.678896],[1.671204,46.679114],[1.671702,46.679613],[1.672384,46.679976],[1.673975,46.681211],[1.674425,46.681549],[1.674747,46.681822],[1.675167,46.682135],[1.675802,46.682654],[1.676204,46.682905],[1.676795,46.683364],[1.676999,46.683506],[1.67761,46.684023],[1.678201,46.684445],[1.678657,46.684813],[1.678794,46.684945],[1.680205,46.685956],[1.67957,46.687348],[1.677763,46.690847],[1.677725,46.692466],[1.67687,46.692204],[1.675,46.692315],[1.675105,46.69434],[1.676046,46.695078],[1.676836,46.696093],[1.677336,46.697039],[1.677576,46.697822],[1.67772,46.698464],[1.678444,46.699286],[1.678869,46.699381],[1.67871,46.699575],[1.677934,46.700385],[1.677499,46.700462],[1.677334,46.700557],[1.677264,46.700734],[1.677529,46.701063],[1.677824,46.701248],[1.678075,46.701544],[1.678182,46.701856],[1.678091,46.702091],[1.677962,46.702255],[1.677834,46.702298],[1.677989,46.702495],[1.677423,46.702989],[1.677936,46.703465],[1.67868,46.704296],[1.679229,46.704025],[1.679944,46.703951],[1.680439,46.704167],[1.680997,46.704226],[1.681783,46.704398],[1.6824,46.704666],[1.68274,46.704992],[1.683044,46.705394],[1.68214,46.706414],[1.681407,46.707064],[1.680672,46.707078],[1.679696,46.706929],[1.678715,46.706766],[1.678638,46.70689],[1.679134,46.707274],[1.679846,46.708007],[1.679672,46.708349],[1.67954,46.708678],[1.679702,46.709212],[1.680682,46.710977],[1.680039,46.712171],[1.679492,46.713449],[1.677911,46.714071],[1.678502,46.714801],[1.680123,46.716842],[1.680662,46.717526],[1.681438,46.718493],[1.682047,46.719231],[1.682258,46.719602],[1.683158,46.72094],[1.687226,46.726891],[1.687306,46.726994],[1.689022,46.729465],[1.689168,46.729697],[1.689857,46.730726],[1.691286,46.73288],[1.692291,46.734337],[1.693441,46.73603],[1.694821,46.738049],[1.695103,46.73845],[1.695454,46.738448],[1.698783,46.738453],[1.700281,46.738483],[1.704773,46.738504],[1.709785,46.738537],[1.711165,46.738534],[1.712732,46.738511],[1.715309,46.738537],[1.719327,46.738548],[1.722675,46.738572],[1.723609,46.738574],[1.725882,46.738586],[1.727161,46.738589],[1.727316,46.738568],[1.727347,46.738398],[1.727503,46.738334],[1.72779,46.738007],[1.72816,46.737317],[1.729784,46.734356],[1.731104,46.731933],[1.731654,46.730933],[1.732263,46.729804],[1.733189,46.728134],[1.734311,46.726068],[1.734705,46.725367],[1.735029,46.724922],[1.737231,46.722325],[1.737966,46.721453],[1.738305,46.721013],[1.738718,46.720374],[1.739643,46.718862],[1.739928,46.71838],[1.740561,46.717347],[1.740815,46.716992],[1.74103,46.716781],[1.742499,46.715473],[1.743843,46.714295],[1.745303,46.713095],[1.746231,46.712324],[1.74878,46.710227],[1.749031,46.710001],[1.749355,46.709625],[1.749886,46.708855],[1.750028,46.708576],[1.750067,46.708414],[1.750106,46.70796],[1.75157,46.708496],[1.752365,46.708077],[1.753282,46.707714],[1.754637,46.707423],[1.755588,46.706966],[1.755665,46.706795],[1.756156,46.706659],[1.756701,46.706474],[1.757379,46.706209],[1.758214,46.705824],[1.758467,46.705684],[1.758654,46.705537],[1.759657,46.704832],[1.760187,46.704415],[1.760528,46.7038],[1.760702,46.703317],[1.760781,46.702791],[1.760563,46.701673],[1.760758,46.701823],[1.761191,46.702033],[1.761423,46.701607],[1.761672,46.701237],[1.762184,46.700666],[1.762729,46.700159],[1.763611,46.699419],[1.764026,46.69898],[1.764238,46.698679],[1.764375,46.69843],[1.764454,46.698155],[1.764479,46.697589],[1.764523,46.69713],[1.764641,46.696774],[1.76491,46.696454],[1.765099,46.696266],[1.765121,46.696137],[1.765054,46.696017],[1.764791,46.69568],[1.764059,46.69465],[1.762975,46.694324],[1.762735,46.694502],[1.762511,46.694572],[1.761745,46.694582],[1.761398,46.69454],[1.761139,46.694473],[1.760185,46.694136],[1.759986,46.694035],[1.759841,46.69388],[1.759685,46.693619],[1.759651,46.693461],[1.75982,46.693359],[1.760094,46.693258],[1.760245,46.693237],[1.76046,46.69331],[1.760498,46.693493],[1.760753,46.693488],[1.760929,46.693346],[1.760944,46.69328],[1.760799,46.692952],[1.760654,46.692769],[1.760264,46.692218],[1.759677,46.691781],[1.75949,46.6916],[1.759477,46.691415],[1.759402,46.691294],[1.759117,46.691163],[1.758944,46.691113],[1.758272,46.690842],[1.75758,46.690595],[1.756651,46.69044],[1.756349,46.690513],[1.756253,46.690659],[1.756018,46.690745],[1.755624,46.690712],[1.754853,46.690858],[1.754499,46.690907],[1.753984,46.691011],[1.753671,46.691052],[1.753274,46.691035],[1.753005,46.691059],[1.753067,46.690844],[1.753075,46.690637],[1.753038,46.690518],[1.753392,46.690434],[1.754211,46.689924],[1.754426,46.689479],[1.754611,46.68926],[1.75456,46.688649],[1.754606,46.688288],[1.754737,46.687881],[1.754937,46.687427],[1.755281,46.68692],[1.755742,46.686514],[1.755899,46.686106],[1.755893,46.685751],[1.755803,46.68543],[1.755664,46.685126],[1.755054,46.684271],[1.754835,46.683911],[1.754465,46.683822],[1.754787,46.680643],[1.74263,46.676652],[1.742467,46.676713],[1.742022,46.67678],[1.741814,46.676774],[1.741286,46.676665],[1.741213,46.676396],[1.741097,46.676093],[1.741048,46.675735],[1.741025,46.675378],[1.740799,46.674993],[1.740611,46.674809],[1.740258,46.674576],[1.739663,46.673843],[1.738666,46.672551],[1.739137,46.67213],[1.739329,46.671805],[1.73953,46.671353],[1.739486,46.671189],[1.739564,46.671041],[1.739353,46.670328],[1.738953,46.669294],[1.73807,46.669243],[1.736996,46.669075],[1.735288,46.667999],[1.73515,46.667806],[1.735174,46.667539],[1.734585,46.667328],[1.734201,46.667141],[1.734036,46.666823],[1.73362,46.66658],[1.733513,46.66628],[1.733423,46.665605],[1.733445,46.664959],[1.733476,46.66454],[1.733571,46.664214],[1.7332,46.664052],[1.733887,46.663598],[1.734275,46.663385],[1.734785,46.66317],[1.734968,46.663032],[1.735425,46.662562],[1.735193,46.662445],[1.735136,46.662249],[1.734972,46.662067],[1.734816,46.661962],[1.733977,46.66167],[1.733885,46.661502],[1.733778,46.661155],[1.733657,46.661015],[1.733321,46.660742],[1.733052,46.660613],[1.732825,46.660447],[1.732541,46.660185],[1.732397,46.660085],[1.731886,46.65997],[1.731598,46.659849],[1.730997,46.659691],[1.730284,46.659443],[1.729804,46.659382],[1.7293,46.659341],[1.728744,46.659327],[1.727073,46.659343],[1.726828,46.659324],[1.7264,46.65925],[1.72621,46.659189],[1.725111,46.658732],[1.724356,46.658428],[1.724224,46.658326],[1.723442,46.657536],[1.723131,46.657195],[1.723027,46.657015],[1.722692,46.656809],[1.722611,46.656658],[1.721838,46.656132],[1.720933,46.655571],[1.720747,46.655481],[1.719927,46.655244],[1.719329,46.655187],[1.719094,46.655183],[1.718467,46.655215],[1.71798,46.655106],[1.717596,46.654948],[1.717087,46.654645],[1.716596,46.654182],[1.716205,46.653898],[1.716011,46.653725],[1.715349,46.653016],[1.715093,46.652798],[1.714812,46.652488],[1.714516,46.652231],[1.713652,46.651686],[1.713334,46.651531],[1.712697,46.651315],[1.712449,46.651459],[1.712004,46.651545],[1.711192,46.65165],[1.710598,46.651764],[1.710325,46.651798],[1.710496,46.652104],[1.710473,46.652263],[1.710402,46.652334],[1.71001,46.652449],[1.709436,46.652535],[1.709195,46.652592],[1.708926,46.652735],[1.708753,46.652871],[1.7085,46.653122],[1.708121,46.653599],[1.707552,46.654265],[1.707106,46.654138],[1.706703,46.654092],[1.705788,46.65402],[1.705526,46.653973],[1.705315,46.653891],[1.704848,46.653498],[1.704466,46.65337],[1.704371,46.653294],[1.704326,46.652798],[1.704254,46.652539]]]}"
3,36044,Châteauroux,"46.802,1.690","{""type"":""Polygon"",""coordinates"":[[[1.742001,46.80587],[1.742372,46.805544],[1.742432,46.805392],[1.742423,46.805187],[1.742339,46.805009],[1.742111,46.804795],[1.741843,46.804664],[1.741179,46.804378],[1.740859,46.804263],[1.740616,46.804057],[1.740557,46.803845],[1.740795,46.803419],[1.740851,46.802617],[1.740911,46.802518],[1.741103,46.802364],[1.741887,46.801835],[1.741017,46.801662],[1.740857,46.80174],[1.740498,46.801643],[1.740034,46.801568],[1.739552,46.801558],[1.738524,46.801237],[1.737697,46.800952],[1.736208,46.800466],[1.734932,46.800077],[1.733999,46.799777],[1.732949,46.799427],[1.731859,46.799053],[1.730066,46.798418],[1.729031,46.798069],[1.728108,46.797725],[1.728167,46.797552],[1.728145,46.797311],[1.728051,46.797173],[1.727735,46.797008],[1.727638,46.796729],[1.727348,46.796542],[1.726055,46.796577],[1.726136,46.796281],[1.726246,46.79532],[1.726281,46.795157],[1.726507,46.794496],[1.72664,46.794023],[1.726938,46.793247],[1.727213,46.792624],[1.724345,46.79213],[1.721341,46.7917],[1.72003,46.791203],[1.720295,46.790996],[1.720962,46.7904],[1.720326,46.79024],[1.719749,46.79016],[1.719184,46.790194],[1.718837,46.790173],[1.718283,46.790443],[1.717993,46.790483],[1.717755,46.790426],[1.717203,46.790196],[1.716783,46.790049],[1.715663,46.789584],[1.715339,46.78944],[1.714996,46.789672],[1.714679,46.789833],[1.714436,46.789846],[1.714452,46.789199],[1.714388,46.789057],[1.712922,46.789052],[1.712918,46.788863],[1.713078,46.788536],[1.713655,46.787476],[1.713843,46.786977],[1.713208,46.786616],[1.71332,46.786474],[1.712371,46.78586],[1.71186,46.7853],[1.711569,46.784955],[1.711355,46.784591],[1.711259,46.784323],[1.711142,46.784164],[1.710749,46.783812],[1.710586,46.783615],[1.710216,46.782663],[1.709829,46.782424],[1.707857,46.781006],[1.706922,46.780359],[1.707171,46.779346],[1.706946,46.779302],[1.706485,46.779131],[1.704214,46.778224],[1.70372,46.778046],[1.70274,46.777669],[1.702224,46.777421],[1.701984,46.777323],[1.701571,46.777207],[1.700784,46.777063],[1.699531,46.776894],[1.699146,46.776827],[1.698877,46.776712],[1.697979,46.77601],[1.69686,46.775386],[1.696689,46.775305],[1.696312,46.77518],[1.695837,46.775046],[1.695318,46.774836],[1.695232,46.775336],[1.686947,46.775792],[1.685085,46.775865],[1.685151,46.776046],[1.685214,46.776474],[1.685211,46.776626],[1.685139,46.777016],[1.685009,46.777313],[1.68465,46.777645],[1.684339,46.777904],[1.683958,46.778397],[1.683621,46.778658],[1.683355,46.778691],[1.682547,46.778832],[1.680186,46.778948],[1.679786,46.779279],[1.679467,46.779469],[1.678892,46.779656],[1.677253,46.780166],[1.676205,46.780354],[1.675797,46.780414],[1.675476,46.780533],[1.674919,46.780871],[1.674866,46.781075],[1.674397,46.781444],[1.674091,46.781632],[1.673617,46.781871],[1.673443,46.782008],[1.6731,46.782511],[1.672959,46.782594],[1.672804,46.78279],[1.671434,46.782127],[1.671078,46.782506],[1.670765,46.782862],[1.670492,46.78314],[1.669029,46.784027],[1.668736,46.784298],[1.668397,46.784676],[1.66798,46.785449],[1.66776,46.785697],[1.667608,46.785788],[1.66713,46.785994],[1.666858,46.786249],[1.66674,46.78643],[1.666619,46.78669],[1.666432,46.787182],[1.666349,46.787513],[1.666252,46.788105],[1.666162,46.78843],[1.666201,46.788518],[1.665899,46.788921],[1.665644,46.789365],[1.666056,46.78963],[1.666047,46.79],[1.665752,46.790539],[1.665703,46.79078],[1.665672,46.7911],[1.665567,46.791438],[1.665238,46.792062],[1.664722,46.792695],[1.66429,46.793175],[1.664127,46.793329],[1.66432,46.793531],[1.664199,46.793659],[1.663094,46.794653],[1.662945,46.794707],[1.66216,46.795068],[1.661998,46.795161],[1.661667,46.795282],[1.661202,46.795531],[1.66087,46.795613],[1.660586,46.795597],[1.660113,46.795462],[1.659859,46.795443],[1.659101,46.795561],[1.658737,46.795728],[1.657929,46.796177],[1.657605,46.79628],[1.657181,46.796353],[1.656751,46.796408],[1.655855,46.796627],[1.65511,46.796757],[1.654979,46.796762],[1.654391,46.79693],[1.653399,46.797288],[1.651947,46.797546],[1.650902,46.797639],[1.649408,46.797621],[1.648941,46.797445],[1.648824,46.797473],[1.648636,46.797605],[1.648375,46.797833],[1.647347,46.797792],[1.646683,46.797869],[1.646146,46.797977],[1.644867,46.798093],[1.644744,46.798173],[1.644591,46.7982],[1.643005,46.798255],[1.642643,46.798247],[1.641728,46.7983],[1.640872,46.798367],[1.639474,46.798585],[1.639168,46.798576],[1.638773,46.798623],[1.638474,46.798718],[1.638664,46.798853],[1.638723,46.799037],[1.638663,46.799232],[1.638318,46.799551],[1.638199,46.799717],[1.638141,46.799995],[1.638186,46.800149],[1.638914,46.800491],[1.638994,46.800697],[1.638956,46.800976],[1.638969,46.801162],[1.639184,46.801166],[1.639722,46.800738],[1.639998,46.800703],[1.640284,46.800808],[1.640495,46.800915],[1.640759,46.801147],[1.641193,46.801494],[1.641749,46.80167],[1.642155,46.801872],[1.642525,46.802133],[1.642764,46.802456],[1.643086,46.803163],[1.643251,46.803435],[1.643432,46.803647],[1.643736,46.804158],[1.643845,46.804401],[1.644036,46.804605],[1.644203,46.804679],[1.64458,46.804702],[1.6447,46.804612],[1.645092,46.804526],[1.645259,46.804544],[1.64543,46.804614],[1.64563,46.804773],[1.645768,46.804962],[1.645857,46.805179],[1.646224,46.805722],[1.646312,46.805808],[1.646665,46.806012],[1.646837,46.806157],[1.647026,46.806422],[1.647482,46.806856],[1.647724,46.806989],[1.647927,46.807051],[1.648289,46.807057],[1.648707,46.80701],[1.648862,46.806885],[1.649423,46.806681],[1.649715,46.80661],[1.650173,46.806554],[1.650453,46.806568],[1.651259,46.806385],[1.651641,46.806327],[1.651733,46.806254],[1.651953,46.806208],[1.652267,46.806185],[1.652654,46.80609],[1.652887,46.806003],[1.653668,46.805859],[1.654321,46.8057],[1.655029,46.805617],[1.655375,46.805525],[1.655967,46.805244],[1.656408,46.805002],[1.657019,46.804794],[1.657264,46.804799],[1.657302,46.804964],[1.657537,46.805168],[1.657729,46.805249],[1.657971,46.805254],[1.658318,46.80519],[1.659058,46.804817],[1.659468,46.804644],[1.659887,46.804588],[1.660073,46.804619],[1.66021,46.804698],[1.66031,46.80484],[1.660355,46.805025],[1.66036,46.805313],[1.660336,46.805714],[1.660398,46.806001],[1.660516,46.806315],[1.660708,46.806522],[1.66091,46.806816],[1.661018,46.807015],[1.661254,46.807238],[1.66153,46.807438],[1.66159,46.807561],[1.661574,46.807682],[1.661401,46.808304],[1.661389,46.80859],[1.661135,46.808856],[1.661097,46.809013],[1.661131,46.809153],[1.661255,46.809411],[1.661379,46.80956],[1.661818,46.810019],[1.662265,46.810451],[1.662415,46.810623],[1.662382,46.81086],[1.662409,46.811192],[1.662469,46.811325],[1.662745,46.811662],[1.663558,46.812848],[1.663817,46.813025],[1.664707,46.814032],[1.66528,46.814516],[1.665775,46.814966],[1.666966,46.81566],[1.66738,46.815879],[1.668576,46.816365],[1.668827,46.816431],[1.669005,46.816418],[1.669117,46.816083],[1.669343,46.815984],[1.66956,46.816019],[1.669975,46.816232],[1.670567,46.816508],[1.670912,46.816626],[1.671382,46.816657],[1.671735,46.816649],[1.671988,46.816583],[1.671795,46.816801],[1.67172,46.816967],[1.671566,46.817525],[1.671437,46.817607],[1.67144,46.817819],[1.671521,46.818394],[1.671907,46.819586],[1.671883,46.819646],[1.671863,46.820889],[1.671898,46.821766],[1.671932,46.821891],[1.671734,46.821984],[1.672113,46.823038],[1.6722,46.823313],[1.672672,46.82537],[1.673219,46.827058],[1.677315,46.827519],[1.679313,46.827716],[1.679807,46.828035],[1.680499,46.828393],[1.682204,46.829368],[1.682642,46.829597],[1.68348,46.82935],[1.683645,46.82953],[1.684296,46.829285],[1.685131,46.829052],[1.685158,46.829196],[1.686029,46.829255],[1.686689,46.829266],[1.686588,46.829142],[1.688233,46.829229],[1.688243,46.828755],[1.688296,46.828655],[1.688478,46.828525],[1.689817,46.828224],[1.690111,46.828119],[1.689914,46.827781],[1.690254,46.82789],[1.690563,46.827916],[1.690928,46.827856],[1.691358,46.827864],[1.691904,46.827984],[1.692227,46.828072],[1.692582,46.8282],[1.693491,46.828487],[1.693691,46.828572],[1.694115,46.82884],[1.694386,46.829128],[1.694516,46.829508],[1.694617,46.829629],[1.694792,46.829718],[1.695019,46.829719],[1.695239,46.829663],[1.695395,46.829568],[1.695467,46.829384],[1.695447,46.829069],[1.695348,46.828744],[1.69536,46.828461],[1.69548,46.828262],[1.695602,46.828161],[1.695912,46.827985],[1.696052,46.827949],[1.696413,46.827916],[1.6967,46.827928],[1.696891,46.82803],[1.69701,46.828183],[1.697175,46.828268],[1.69737,46.828253],[1.697752,46.828112],[1.697985,46.827959],[1.697987,46.827791],[1.697669,46.827313],[1.697585,46.82703],[1.697573,46.826709],[1.69772,46.82611],[1.697962,46.825657],[1.698121,46.825282],[1.69837,46.824927],[1.698535,46.82476],[1.698663,46.824486],[1.698774,46.823695],[1.698926,46.823324],[1.699079,46.823168],[1.699204,46.823106],[1.699689,46.822939],[1.699814,46.822847],[1.699986,46.822623],[1.699877,46.822361],[1.699874,46.82223],[1.699976,46.821868],[1.700049,46.821728],[1.700268,46.821569],[1.700799,46.821309],[1.701522,46.820975],[1.701825,46.820862],[1.703015,46.820388],[1.703495,46.820228],[1.703855,46.820126],[1.70415,46.820066],[1.704553,46.820055],[1.70468,46.819969],[1.705057,46.819944],[1.705629,46.820011],[1.706076,46.82001],[1.706367,46.819959],[1.706872,46.820022],[1.707296,46.82013],[1.707782,46.820217],[1.707968,46.820271],[1.708347,46.820462],[1.709596,46.821213],[1.71013,46.821599],[1.710614,46.822033],[1.710974,46.822443],[1.711096,46.82264],[1.711168,46.822899],[1.71113,46.823148],[1.711051,46.823355],[1.710884,46.823548],[1.710362,46.823769],[1.710133,46.823944],[1.710078,46.824055],[1.71009,46.824329],[1.710274,46.824542],[1.71053,46.824707],[1.710663,46.825183],[1.710869,46.82551],[1.711027,46.825706],[1.711182,46.825814],[1.711621,46.82619],[1.712172,46.826422],[1.71257,46.826627],[1.712924,46.826683],[1.713505,46.826697],[1.713999,46.826773],[1.715117,46.826769],[1.715442,46.8268],[1.716295,46.826942],[1.716884,46.826957],[1.71752,46.827087],[1.718344,46.827288],[1.718753,46.827362],[1.720174,46.826587],[1.720921,46.826273],[1.721223,46.82624],[1.72131,46.826111],[1.721758,46.825848],[1.721967,46.825666],[1.722437,46.825032],[1.722613,46.824733],[1.722984,46.824553],[1.7232,46.824325],[1.723681,46.82397],[1.724166,46.823652],[1.724658,46.823432],[1.725107,46.823305],[1.726174,46.823105],[1.726467,46.823021],[1.727002,46.822898],[1.727238,46.822814],[1.7274,46.822617],[1.727476,46.822408],[1.727342,46.822219],[1.727082,46.822084],[1.726065,46.821846],[1.725969,46.821794],[1.725912,46.821647],[1.726072,46.821325],[1.726144,46.821273],[1.726568,46.821157],[1.726857,46.821055],[1.726992,46.820957],[1.727122,46.820765],[1.727286,46.820612],[1.727588,46.820148],[1.727621,46.819947],[1.727762,46.819562],[1.728146,46.819084],[1.728386,46.818452],[1.728399,46.818291],[1.728229,46.817283],[1.728188,46.817121],[1.728102,46.817041],[1.727414,46.816905],[1.726808,46.81672],[1.72666,46.81661],[1.726616,46.816487],[1.726844,46.816142],[1.727249,46.815701],[1.727358,46.815632],[1.72774,46.815575],[1.728322,46.815444],[1.728385,46.815264],[1.728286,46.815053],[1.728016,46.814734],[1.727531,46.814429],[1.727288,46.814312],[1.727119,46.814155],[1.727061,46.813772],[1.727082,46.813569],[1.727181,46.813182],[1.727277,46.812975],[1.727818,46.812072],[1.728253,46.811428],[1.728416,46.811148],[1.728764,46.810638],[1.729516,46.810262],[1.730587,46.809769],[1.731314,46.80939],[1.731735,46.809223],[1.733212,46.808701],[1.734665,46.808383],[1.735773,46.80822],[1.73671,46.808007],[1.737045,46.807948],[1.737529,46.807822],[1.737744,46.807733],[1.73858,46.807199],[1.738832,46.807062],[1.739115,46.806942],[1.739557,46.806845],[1.740226,46.806796],[1.740828,46.806442],[1.741281,46.806262],[1.741561,46.806172],[1.741925,46.805964],[1.742001,46.80587]]]}"
4,36057,Coings,"46.881,1.722","{""type"":""Polygon"",""coordinates"":[[[1.747135,46.90364],[1.747393,46.903729],[1.7479,46.904146],[1.748873,46.905151],[1.749415,46.905723],[1.753533,46.902953],[1.755648,46.90157],[1.756264,46.903011],[1.758342,46.902301],[1.760971,46.903531],[1.762241,46.903244],[1.763641,46.902779],[1.764926,46.902363],[1.768878,46.901325],[1.768807,46.900948],[1.765358,46.901058],[1.763242,46.901372],[1.762181,46.900407],[1.761787,46.899927],[1.762613,46.898801],[1.762774,46.898832],[1.763871,46.897789],[1.764526,46.896862],[1.765298,46.895095],[1.765469,46.89386],[1.766301,46.891861],[1.766327,46.89113],[1.765923,46.890001],[1.765922,46.889933],[1.7657,46.889234],[1.765057,46.887888],[1.764714,46.887136],[1.764586,46.88701],[1.764291,46.885318],[1.764357,46.885062],[1.76293,46.885166],[1.761777,46.884705],[1.761167,46.884436],[1.760652,46.884015],[1.760043,46.883746],[1.759446,46.883424],[1.758825,46.882992],[1.758257,46.882796],[1.75892,46.881739],[1.759326,46.881179],[1.759807,46.880894],[1.760133,46.880647],[1.761374,46.878782],[1.761842,46.877885],[1.761267,46.877858],[1.760742,46.877856],[1.760489,46.877797],[1.759459,46.877471],[1.758773,46.877273],[1.758177,46.877135],[1.757746,46.87697],[1.757515,46.876862],[1.758153,46.876077],[1.758563,46.875638],[1.759589,46.87437],[1.759614,46.874153],[1.759581,46.874018],[1.759123,46.87395],[1.758915,46.873884],[1.758494,46.873611],[1.757447,46.872888],[1.757288,46.872768],[1.757163,46.872847],[1.756776,46.872656],[1.75645,46.872463],[1.755903,46.872211],[1.755044,46.871865],[1.754623,46.871631],[1.754226,46.871469],[1.753617,46.871283],[1.753102,46.87128],[1.752342,46.871054],[1.751753,46.870763],[1.75107,46.870537],[1.75086,46.870523],[1.750053,46.87008],[1.749743,46.869999],[1.749452,46.869964],[1.749248,46.870204],[1.748243,46.869716],[1.747231,46.869245],[1.746712,46.869207],[1.745529,46.868951],[1.745209,46.86887],[1.744846,46.868739],[1.743688,46.867398],[1.742842,46.866373],[1.742382,46.865875],[1.740256,46.863451],[1.740142,46.863245],[1.740071,46.862728],[1.740022,46.862505],[1.739943,46.862319],[1.738918,46.86069],[1.739435,46.860383],[1.74115,46.859327],[1.741161,46.859257],[1.740956,46.859112],[1.740066,46.858662],[1.73818,46.857678],[1.737882,46.857483],[1.737572,46.857181],[1.736584,46.856076],[1.736153,46.855616],[1.735253,46.854575],[1.733501,46.852595],[1.732387,46.851384],[1.732243,46.851255],[1.731902,46.85087],[1.731512,46.85035],[1.731319,46.850137],[1.730985,46.849722],[1.730698,46.84942],[1.730388,46.849151],[1.730094,46.848954],[1.729523,46.848646],[1.728946,46.848396],[1.72781,46.848024],[1.727378,46.84786],[1.72659,46.847467],[1.725614,46.847016],[1.725215,46.846854],[1.724462,46.846573],[1.722529,46.845828],[1.72214,46.845767],[1.717626,46.859582],[1.716429,46.862891],[1.715455,46.863119],[1.714815,46.863285],[1.716064,46.865364],[1.71399,46.866039],[1.712344,46.866525],[1.708456,46.867716],[1.70981,46.87011],[1.709387,46.870334],[1.710859,46.872022],[1.70998,46.872381],[1.709344,46.872563],[1.705133,46.873347],[1.704023,46.873498],[1.703874,46.873541],[1.703682,46.87343],[1.703026,46.872987],[1.702367,46.872274],[1.702233,46.872166],[1.70124,46.871553],[1.700432,46.870966],[1.699888,46.870543],[1.699624,46.87029],[1.699365,46.870074],[1.698816,46.869577],[1.697937,46.868853],[1.69723,46.868323],[1.696867,46.867993],[1.696258,46.867488],[1.695726,46.867101],[1.694923,46.866576],[1.694515,46.866243],[1.694139,46.865847],[1.693945,46.865613],[1.692651,46.864177],[1.692544,46.863939],[1.692557,46.863594],[1.691899,46.863722],[1.691778,46.863625],[1.691558,46.86361],[1.689287,46.864009],[1.689233,46.863921],[1.68929,46.863782],[1.689291,46.863603],[1.68924,46.862014],[1.689263,46.861415],[1.687109,46.861299],[1.684456,46.861178],[1.684458,46.861633],[1.684369,46.861953],[1.68417,46.86236],[1.683704,46.863187],[1.683577,46.863393],[1.68339,46.863625],[1.683126,46.863798],[1.681833,46.864208],[1.682589,46.864912],[1.682769,46.865146],[1.682843,46.865551],[1.683,46.866003],[1.68183,46.866235],[1.679374,46.86669],[1.6788,46.866926],[1.67767,46.86742],[1.676429,46.868302],[1.675154,46.869167],[1.675558,46.869313],[1.676761,46.869947],[1.675954,46.870954],[1.675683,46.871627],[1.675162,46.87303],[1.67556,46.873167],[1.675698,46.87388],[1.675848,46.874264],[1.676205,46.874972],[1.676502,46.875512],[1.677,46.87648],[1.678316,46.87897],[1.679044,46.884262],[1.679566,46.885187],[1.688292,46.895869],[1.691673,46.900365],[1.692695,46.901441],[1.695155,46.904204],[1.698439,46.908347],[1.704561,46.91278],[1.706879,46.914311],[1.710845,46.916493],[1.711044,46.916359],[1.714948,46.913682],[1.715213,46.913503],[1.715742,46.913191],[1.721033,46.909711],[1.727249,46.905696],[1.740465,46.904277],[1.743451,46.903986],[1.747135,46.90364]]]}"
5,36064,Diors,"46.828,1.812","{""type"":""Polygon"",""coordinates"":[[[1.818809,46.866826],[1.821807,46.865393],[1.823745,46.864555],[1.825402,46.863794],[1.825717,46.863637],[1.82647,46.863535],[1.826858,46.863436],[1.829454,46.862217],[1.830653,46.86166],[1.832462,46.856591],[1.833803,46.853403],[1.838296,46.842627],[1.84134,46.835633],[1.843062,46.835933],[1.843666,46.836054],[1.84426,46.835921],[1.844632,46.835786],[1.845407,46.835449],[1.846213,46.835116],[1.847765,46.834461],[1.848467,46.834196],[1.848746,46.834107],[1.84937,46.831217],[1.849979,46.831261],[1.853476,46.827164],[1.850161,46.823265],[1.842235,46.824837],[1.84136,46.825014],[1.841004,46.824318],[1.84076,46.823979],[1.840506,46.823534],[1.840311,46.822967],[1.840312,46.822663],[1.840389,46.822463],[1.840477,46.82212],[1.840885,46.821166],[1.840898,46.820851],[1.840828,46.820634],[1.840577,46.820276],[1.840204,46.819917],[1.839831,46.819524],[1.839468,46.819061],[1.839157,46.818718],[1.838703,46.81843],[1.838268,46.818113],[1.837652,46.818193],[1.837158,46.817085],[1.837289,46.816943],[1.836901,46.816435],[1.836563,46.81596],[1.833945,46.8169],[1.8337,46.816774],[1.828153,46.818417],[1.828029,46.817993],[1.827983,46.817709],[1.827889,46.816953],[1.827833,46.816674],[1.82763,46.816141],[1.827614,46.815981],[1.827467,46.815927],[1.827023,46.815512],[1.826447,46.815056],[1.825819,46.814712],[1.825461,46.814545],[1.824967,46.814285],[1.824558,46.813995],[1.824316,46.813801],[1.824204,46.813657],[1.823927,46.812922],[1.823756,46.811968],[1.823771,46.811668],[1.823977,46.811247],[1.824086,46.810863],[1.824105,46.810697],[1.824078,46.810309],[1.824005,46.809877],[1.824068,46.809471],[1.824046,46.809396],[1.823725,46.808939],[1.823228,46.808289],[1.823011,46.808053],[1.82231,46.807547],[1.822216,46.807492],[1.822037,46.807507],[1.821782,46.807601],[1.821656,46.807603],[1.820527,46.806596],[1.819437,46.805677],[1.81929,46.805524],[1.818874,46.80503],[1.818607,46.804648],[1.818009,46.80383],[1.81451,46.795824],[1.811252,46.789858],[1.810768,46.790054],[1.809957,46.790336],[1.80962,46.790467],[1.809225,46.790665],[1.808749,46.791002],[1.807933,46.791564],[1.807759,46.791673],[1.807093,46.791915],[1.806567,46.792063],[1.806085,46.792168],[1.804991,46.792366],[1.803899,46.792597],[1.803571,46.792708],[1.803039,46.793031],[1.80221,46.793561],[1.802126,46.793669],[1.802087,46.793834],[1.80225,46.794002],[1.802031,46.794148],[1.801337,46.794787],[1.801075,46.795001],[1.800866,46.795122],[1.79889,46.802023],[1.797775,46.807466],[1.797481,46.807517],[1.796612,46.807636],[1.794925,46.807828],[1.793389,46.808026],[1.792946,46.808065],[1.788581,46.810703],[1.782233,46.81474],[1.7788,46.814581],[1.777202,46.814261],[1.777083,46.814528],[1.775794,46.814264],[1.775147,46.814092],[1.774712,46.813931],[1.771991,46.812792],[1.771716,46.813291],[1.771648,46.81337],[1.7712,46.814357],[1.771017,46.814802],[1.770868,46.814951],[1.770059,46.819441],[1.770539,46.82329],[1.770186,46.824417],[1.77066,46.824518],[1.770504,46.82498],[1.770606,46.825559],[1.770847,46.826404],[1.771308,46.826487],[1.771542,46.826578],[1.771791,46.826827],[1.771955,46.826889],[1.775435,46.828897],[1.782671,46.8329],[1.785728,46.834606],[1.790688,46.838978],[1.791425,46.839815],[1.793393,46.84234],[1.793915,46.842826],[1.7945,46.843081],[1.795516,46.843555],[1.7958,46.843645],[1.796331,46.843756],[1.797047,46.843986],[1.797224,46.844118],[1.797017,46.844383],[1.796908,46.844464],[1.796609,46.844859],[1.796377,46.845261],[1.796298,46.845849],[1.796339,46.846341],[1.796565,46.846847],[1.796715,46.84706],[1.797295,46.847613],[1.797612,46.847945],[1.797837,46.848242],[1.798114,46.848486],[1.798402,46.848647],[1.798668,46.850161],[1.799363,46.853075],[1.800811,46.854288],[1.802695,46.856741],[1.803265,46.857881],[1.803911,46.85907],[1.804634,46.860332],[1.804952,46.860615],[1.805227,46.860792],[1.805596,46.860954],[1.805948,46.861011],[1.806517,46.860927],[1.807061,46.860745],[1.807979,46.860708],[1.808619,46.860487],[1.809838,46.860884],[1.811626,46.861535],[1.812475,46.861982],[1.813359,46.861778],[1.813842,46.861717],[1.814648,46.861678],[1.815175,46.861631],[1.81613,46.861597],[1.816516,46.861568],[1.817018,46.861474],[1.817174,46.86182],[1.817451,46.862776],[1.818809,46.866826]]]}"
6,36063,Déols,"46.840,1.702","{""type"":""Polygon"",""coordinates"":[[[1.770059,46.819441],[1.76313,46.816896],[1.754978,46.813991],[1.75514,46.813589],[1.754271,46.810336],[1.754011,46.810155],[1.753295,46.810106],[1.749249,46.808197],[1.748454,46.808051],[1.746963,46.80766],[1.746461,46.807559],[1.745801,46.807533],[1.744637,46.807522],[1.744621,46.807213],[1.744753,46.806806],[1.744655,46.806633],[1.744683,46.806359],[1.742001,46.80587],[1.741925,46.805964],[1.741561,46.806172],[1.741281,46.806262],[1.740828,46.806442],[1.740226,46.806796],[1.739557,46.806845],[1.739115,46.806942],[1.738832,46.807062],[1.73858,46.807199],[1.737744,46.807733],[1.737529,46.807822],[1.737045,46.807948],[1.73671,46.808007],[1.735773,46.80822],[1.734665,46.808383],[1.733212,46.808701],[1.731735,46.809223],[1.731314,46.80939],[1.730587,46.809769],[1.729516,46.810262],[1.728764,46.810638],[1.728416,46.811148],[1.728253,46.811428],[1.727818,46.812072],[1.727277,46.812975],[1.727181,46.813182],[1.727082,46.813569],[1.727061,46.813772],[1.727119,46.814155],[1.727288,46.814312],[1.727531,46.814429],[1.728016,46.814734],[1.728286,46.815053],[1.728385,46.815264],[1.728322,46.815444],[1.72774,46.815575],[1.727358,46.815632],[1.727249,46.815701],[1.726844,46.816142],[1.726616,46.816487],[1.72666,46.81661],[1.726808,46.81672],[1.727414,46.816905],[1.728102,46.817041],[1.728188,46.817121],[1.728229,46.817283],[1.728399,46.818291],[1.728386,46.818452],[1.728146,46.819084],[1.727762,46.819562],[1.727621,46.819947],[1.727588,46.820148],[1.727286,46.820612],[1.727122,46.820765],[1.726992,46.820957],[1.726857,46.821055],[1.726568,46.821157],[1.726144,46.821273],[1.726072,46.821325],[1.725912,46.821647],[1.725969,46.821794],[1.726065,46.821846],[1.727082,46.822084],[1.727342,46.822219],[1.727476,46.822408],[1.7274,46.822617],[1.727238,46.822814],[1.727002,46.822898],[1.726467,46.823021],[1.726174,46.823105],[1.725107,46.823305],[1.724658,46.823432],[1.724166,46.823652],[1.723681,46.82397],[1.7232,46.824325],[1.722984,46.824553],[1.722613,46.824733],[1.722437,46.825032],[1.721967,46.825666],[1.721758,46.825848],[1.72131,46.826111],[1.721223,46.82624],[1.720921,46.826273],[1.720174,46.826587],[1.718753,46.827362],[1.718344,46.827288],[1.71752,46.827087],[1.716884,46.826957],[1.716295,46.826942],[1.715442,46.8268],[1.715117,46.826769],[1.713999,46.826773],[1.713505,46.826697],[1.712924,46.826683],[1.71257,46.826627],[1.712172,46.826422],[1.711621,46.82619],[1.711182,46.825814],[1.711027,46.825706],[1.710869,46.82551],[1.710663,46.825183],[1.71053,46.824707],[1.710274,46.824542],[1.71009,46.824329],[1.710078,46.824055],[1.710133,46.823944],[1.710362,46.823769],[1.710884,46.823548],[1.711051,46.823355],[1.71113,46.823148],[1.711168,46.822899],[1.711096,46.82264],[1.710974,46.822443],[1.710614,46.822033],[1.71013,46.821599],[1.709596,46.821213],[1.708347,46.820462],[1.707968,46.820271],[1.707782,46.820217],[1.707296,46.82013],[1.706872,46.820022],[1.706367,46.819959],[1.706076,46.82001],[1.705629,46.820011],[1.705057,46.819944],[1.70468,46.819969],[1.704553,46.820055],[1.70415,46.820066],[1.703855,46.820126],[1.703495,46.820228],[1.703015,46.820388],[1.701825,46.820862],[1.701522,46.820975],[1.700799,46.821309],[1.700268,46.821569],[1.700049,46.821728],[1.699976,46.821868],[1.699874,46.82223],[1.699877,46.822361],[1.699986,46.822623],[1.699814,46.822847],[1.699689,46.822939],[1.699204,46.823106],[1.699079,46.823168],[1.698926,46.823324],[1.698774,46.823695],[1.698663,46.824486],[1.698535,46.82476],[1.69837,46.824927],[1.698121,46.825282],[1.697962,46.825657],[1.69772,46.82611],[1.697573,46.826709],[1.697585,46.82703],[1.697669,46.827313],[1.697987,46.827791],[1.697985,46.827959],[1.697752,46.828112],[1.69737,46.828253],[1.697175,46.828268],[1.69701,46.828183],[1.696891,46.82803],[1.6967,46.827928],[1.696413,46.827916],[1.696052,46.827949],[1.695912,46.827985],[1.695602,46.828161],[1.69548,46.828262],[1.69536,46.828461],[1.695348,46.828744],[1.695447,46.829069],[1.695467,46.829384],[1.695395,46.829568],[1.695239,46.829663],[1.695019,46.829719],[1.694792,46.829718],[1.694617,46.829629],[1.694516,46.829508],[1.694386,46.829128],[1.694115,46.82884],[1.693691,46.828572],[1.693491,46.828487],[1.692582,46.8282],[1.692227,46.828072],[1.691904,46.827984],[1.691358,46.827864],[1.690928,46.827856],[1.690563,46.827916],[1.690254,46.82789],[1.689914,46.827781],[1.690111,46.828119],[1.689817,46.828224],[1.688478,46.828525],[1.688296,46.828655],[1.688243,46.828755],[1.688233,46.829229],[1.686588,46.829142],[1.686689,46.829266],[1.686029,46.829255],[1.685158,46.829196],[1.685131,46.829052],[1.684296,46.829285],[1.683645,46.82953],[1.68348,46.82935],[1.682642,46.829597],[1.682204,46.829368],[1.680499,46.828393],[1.679807,46.828035],[1.679313,46.827716],[1.677315,46.827519],[1.673219,46.827058],[1.672672,46.82537],[1.672208,46.825802],[1.671709,46.826245],[1.671304,46.826622],[1.670999,46.826948],[1.67058,46.827462],[1.67026,46.828039],[1.669956,46.828517],[1.669684,46.828835],[1.668872,46.829633],[1.668557,46.829965],[1.668318,46.830243],[1.66779,46.830822],[1.667529,46.831082],[1.667144,46.831413],[1.666417,46.831994],[1.665529,46.83272],[1.664564,46.833433],[1.664043,46.833868],[1.663865,46.833904],[1.663849,46.834026],[1.663666,46.83416],[1.663048,46.834693],[1.662642,46.835088],[1.661908,46.835706],[1.658819,46.836386],[1.653629,46.837374],[1.653253,46.837196],[1.651651,46.836814],[1.651574,46.836739],[1.651414,46.836754],[1.650917,46.836637],[1.648548,46.836061],[1.648168,46.835954],[1.647316,46.835786],[1.646934,46.835738],[1.646635,46.835724],[1.646374,46.834413],[1.646107,46.834484],[1.645782,46.834634],[1.644412,46.835544],[1.644372,46.835654],[1.644062,46.835775],[1.643073,46.836428],[1.64169,46.835201],[1.641436,46.835214],[1.640733,46.835293],[1.639055,46.835593],[1.635058,46.836296],[1.634916,46.836309],[1.634992,46.836435],[1.634983,46.836657],[1.634821,46.836919],[1.634348,46.837283],[1.634009,46.837513],[1.63333,46.837729],[1.632669,46.837875],[1.633705,46.839671],[1.634599,46.840921],[1.63486,46.841032],[1.635372,46.841098],[1.640821,46.841049],[1.641512,46.840976],[1.644447,46.840604],[1.64627,46.842843],[1.646754,46.843489],[1.648165,46.843594],[1.650164,46.843668],[1.655097,46.843799],[1.655418,46.844679],[1.655501,46.845016],[1.655524,46.845327],[1.655098,46.847076],[1.655094,46.84742],[1.655154,46.847741],[1.655346,46.848449],[1.655416,46.848924],[1.655422,46.849364],[1.655367,46.849829],[1.655084,46.851129],[1.65558,46.853596],[1.659195,46.859538],[1.660199,46.860913],[1.659291,46.861747],[1.658938,46.86209],[1.658715,46.862349],[1.658106,46.863221],[1.657974,46.863393],[1.657446,46.864148],[1.656985,46.864785],[1.656254,46.865818],[1.655941,46.866223],[1.65577,46.866493],[1.655297,46.867143],[1.655004,46.867571],[1.653862,46.869535],[1.653209,46.870703],[1.657373,46.870909],[1.659289,46.871008],[1.660881,46.871076],[1.661482,46.871114],[1.66347,46.871216],[1.665659,46.87132],[1.666298,46.871361],[1.666891,46.871437],[1.668663,46.871687],[1.669194,46.871822],[1.669487,46.871928],[1.670178,46.871325],[1.67038,46.870876],[1.67003,46.869511],[1.670303,46.869092],[1.671298,46.868676],[1.671843,46.868349],[1.671996,46.868293],[1.672208,46.868343],[1.673581,46.868723],[1.674902,46.869078],[1.675154,46.869167],[1.676429,46.868302],[1.67767,46.86742],[1.6788,46.866926],[1.679374,46.86669],[1.68183,46.866235],[1.683,46.866003],[1.682843,46.865551],[1.682769,46.865146],[1.682589,46.864912],[1.681833,46.864208],[1.683126,46.863798],[1.68339,46.863625],[1.683577,46.863393],[1.683704,46.863187],[1.68417,46.86236],[1.684369,46.861953],[1.684458,46.861633],[1.684456,46.861178],[1.687109,46.861299],[1.689263,46.861415],[1.68924,46.862014],[1.689291,46.863603],[1.68929,46.863782],[1.689233,46.863921],[1.689287,46.864009],[1.691558,46.86361],[1.691778,46.863625],[1.691899,46.863722],[1.692557,46.863594],[1.692544,46.863939],[1.692651,46.864177],[1.693945,46.865613],[1.694139,46.865847],[1.694515,46.866243],[1.694923,46.866576],[1.695726,46.867101],[1.696258,46.867488],[1.696867,46.867993],[1.69723,46.868323],[1.697937,46.868853],[1.698816,46.869577],[1.699365,46.870074],[1.699624,46.87029],[1.699888,46.870543],[1.700432,46.870966],[1.70124,46.871553],[1.702233,46.872166],[1.702367,46.872274],[1.703026,46.872987],[1.703682,46.87343],[1.703874,46.873541],[1.704023,46.873498],[1.705133,46.873347],[1.709344,46.872563],[1.70998,46.872381],[1.710859,46.872022],[1.709387,46.870334],[1.70981,46.87011],[1.708456,46.867716],[1.712344,46.866525],[1.71399,46.866039],[1.716064,46.865364],[1.714815,46.863285],[1.715455,46.863119],[1.716429,46.862891],[1.717626,46.859582],[1.72214,46.845767],[1.722036,46.845637],[1.721846,46.845564],[1.724135,46.843638],[1.726051,46.842128],[1.727121,46.841548],[1.728444,46.840611],[1.729432,46.839926],[1.729148,46.839724],[1.730431,46.838809],[1.73114,46.838316],[1.731234,46.838236],[1.732274,46.837977],[1.736406,46.836871],[1.739428,46.835988],[1.741165,46.835492],[1.741415,46.835405],[1.750496,46.831087],[1.750938,46.831289],[1.751093,46.831121],[1.751786,46.830287],[1.751946,46.830345],[1.752743,46.83069],[1.753069,46.830685],[1.75325,46.830579],[1.756687,46.830901],[1.75895,46.83109],[1.762216,46.829638],[1.770163,46.826284],[1.770847,46.826404],[1.770606,46.825559],[1.770504,46.82498],[1.77066,46.824518],[1.770186,46.824417],[1.770539,46.82329],[1.770059,46.819441]]]}"
7,36159,Le Poinçonnet,"46.754,1.726","{""type"":""Polygon"",""coordinates"":[[[1.783112,46.711348],[1.782584,46.711247],[1.780284,46.710897],[1.776917,46.710378],[1.775542,46.710155],[1.771962,46.709602],[1.763114,46.708223],[1.756722,46.707241],[1.755737,46.707082],[1.755588,46.706966],[1.754637,46.707423],[1.753282,46.707714],[1.752365,46.708077],[1.75157,46.708496],[1.750106,46.70796],[1.750067,46.708414],[1.750028,46.708576],[1.749886,46.708855],[1.749355,46.709625],[1.749031,46.710001],[1.74878,46.710227],[1.746231,46.712324],[1.745303,46.713095],[1.743843,46.714295],[1.742499,46.715473],[1.74103,46.716781],[1.740815,46.716992],[1.740561,46.717347],[1.739928,46.71838],[1.739643,46.718862],[1.738718,46.720374],[1.738305,46.721013],[1.737966,46.721453],[1.737231,46.722325],[1.735029,46.724922],[1.734705,46.725367],[1.734311,46.726068],[1.733189,46.728134],[1.732263,46.729804],[1.731654,46.730933],[1.731104,46.731933],[1.729784,46.734356],[1.72816,46.737317],[1.72779,46.738007],[1.727503,46.738334],[1.727347,46.738398],[1.727316,46.738568],[1.727161,46.738589],[1.725882,46.738586],[1.723609,46.738574],[1.722675,46.738572],[1.719327,46.738548],[1.715309,46.738537],[1.712732,46.738511],[1.711165,46.738534],[1.709785,46.738537],[1.704773,46.738504],[1.700281,46.738483],[1.698783,46.738453],[1.695454,46.738448],[1.695103,46.73845],[1.69463,46.738452],[1.689808,46.738436],[1.686179,46.738413],[1.683739,46.738376],[1.681225,46.738385],[1.678852,46.738363],[1.676636,46.73838],[1.675628,46.738367],[1.673744,46.738354],[1.671226,46.738351],[1.669442,46.738344],[1.668202,46.73833],[1.668531,46.739623],[1.668763,46.740417],[1.668958,46.740837],[1.669207,46.741274],[1.669525,46.741752],[1.670012,46.742351],[1.670441,46.742927],[1.670733,46.743339],[1.670947,46.743806],[1.671046,46.744312],[1.671124,46.744512],[1.671403,46.744952],[1.672098,46.745977],[1.672737,46.746786],[1.673201,46.747433],[1.673092,46.7479],[1.672961,46.748331],[1.67282,46.748649],[1.672728,46.748995],[1.672725,46.749228],[1.672768,46.749773],[1.672765,46.750006],[1.672647,46.750411],[1.672003,46.752929],[1.672477,46.753517],[1.672675,46.753825],[1.67304,46.754347],[1.673571,46.755076],[1.673186,46.755289],[1.672827,46.755397],[1.672312,46.755501],[1.672092,46.755638],[1.671879,46.755953],[1.67125,46.756068],[1.67112,46.7564],[1.670966,46.757049],[1.67085,46.757759],[1.67082,46.758196],[1.670844,46.758703],[1.670891,46.75908],[1.671064,46.759277],[1.671681,46.760212],[1.672374,46.761219],[1.672635,46.761618],[1.676025,46.763296],[1.67638,46.763663],[1.679974,46.765653],[1.680102,46.765827],[1.68041,46.766123],[1.680823,46.766628],[1.681077,46.767125],[1.681286,46.767784],[1.681488,46.768336],[1.68199,46.769302],[1.683263,46.770941],[1.684206,46.772099],[1.684093,46.772213],[1.684202,46.773129],[1.684168,46.774118],[1.684208,46.775173],[1.684246,46.77574],[1.684384,46.775892],[1.68452,46.776652],[1.684249,46.777568],[1.683355,46.778691],[1.683621,46.778658],[1.683958,46.778397],[1.684339,46.777904],[1.68465,46.777645],[1.685009,46.777313],[1.685139,46.777016],[1.685211,46.776626],[1.685214,46.776474],[1.685151,46.776046],[1.685085,46.775865],[1.686947,46.775792],[1.695232,46.775336],[1.695318,46.774836],[1.695837,46.775046],[1.696312,46.77518],[1.696689,46.775305],[1.69686,46.775386],[1.697979,46.77601],[1.698877,46.776712],[1.699146,46.776827],[1.699531,46.776894],[1.700784,46.777063],[1.701571,46.777207],[1.701984,46.777323],[1.702224,46.777421],[1.70274,46.777669],[1.70372,46.778046],[1.704214,46.778224],[1.706485,46.779131],[1.706946,46.779302],[1.707171,46.779346],[1.706922,46.780359],[1.707857,46.781006],[1.709829,46.782424],[1.710216,46.782663],[1.710586,46.783615],[1.710749,46.783812],[1.711142,46.784164],[1.711259,46.784323],[1.711355,46.784591],[1.711569,46.784955],[1.71186,46.7853],[1.712371,46.78586],[1.71332,46.786474],[1.713208,46.786616],[1.713843,46.786977],[1.713655,46.787476],[1.713078,46.788536],[1.712918,46.788863],[1.712922,46.789052],[1.714388,46.789057],[1.714452,46.789199],[1.714436,46.789846],[1.714679,46.789833],[1.714996,46.789672],[1.715339,46.78944],[1.715663,46.789584],[1.716783,46.790049],[1.717203,46.790196],[1.717755,46.790426],[1.717993,46.790483],[1.718283,46.790443],[1.718837,46.790173],[1.719184,46.790194],[1.719749,46.79016],[1.720326,46.79024],[1.720962,46.7904],[1.720295,46.790996],[1.72003,46.791203],[1.721341,46.7917],[1.724345,46.79213],[1.727213,46.792624],[1.726938,46.793247],[1.72664,46.794023],[1.726507,46.794496],[1.726281,46.795157],[1.726246,46.79532],[1.726136,46.796281],[1.726055,46.796577],[1.727348,46.796542],[1.727638,46.796729],[1.727735,46.797008],[1.728051,46.797173],[1.728145,46.797311],[1.728167,46.797552],[1.728108,46.797725],[1.729031,46.798069],[1.730066,46.798418],[1.731859,46.799053],[1.732949,46.799427],[1.733999,46.799777],[1.734932,46.800077],[1.736208,46.800466],[1.737697,46.800952],[1.738524,46.801237],[1.739552,46.801558],[1.740034,46.801568],[1.740498,46.801643],[1.740857,46.80174],[1.741017,46.801662],[1.741887,46.801835],[1.742585,46.801544],[1.742833,46.801426],[1.743171,46.801104],[1.743247,46.800946],[1.743241,46.800795],[1.742811,46.800246],[1.742507,46.799657],[1.742241,46.799006],[1.742104,46.798473],[1.742133,46.798093],[1.742204,46.797959],[1.742326,46.797856],[1.742551,46.797755],[1.743004,46.79744],[1.743309,46.797034],[1.743268,46.796759],[1.743134,46.796588],[1.743037,46.796309],[1.743066,46.796165],[1.743172,46.795984],[1.743552,46.795483],[1.743946,46.795005],[1.744177,46.794619],[1.7444,46.794018],[1.744525,46.79389],[1.745155,46.793397],[1.745364,46.793299],[1.746201,46.793022],[1.746455,46.792925],[1.746538,46.792853],[1.746774,46.792256],[1.747194,46.791529],[1.74773,46.791091],[1.747963,46.79094],[1.748063,46.790779],[1.748126,46.790493],[1.748133,46.790243],[1.748207,46.789943],[1.74838,46.789767],[1.749114,46.789214],[1.74936,46.789078],[1.749654,46.789125],[1.751154,46.789502],[1.751282,46.789586],[1.751513,46.789803],[1.751479,46.789501],[1.751566,46.7894],[1.752546,46.788964],[1.75298,46.788785],[1.753343,46.78868],[1.753971,46.788582],[1.754374,46.78858],[1.754373,46.787778],[1.754326,46.787493],[1.754456,46.787481],[1.755048,46.787344],[1.755908,46.787096],[1.756212,46.786964],[1.756504,46.786777],[1.756659,46.786612],[1.756983,46.786083],[1.757123,46.7858],[1.757365,46.785494],[1.757598,46.785387],[1.757836,46.785411],[1.757997,46.785471],[1.758327,46.785716],[1.758674,46.785842],[1.758808,46.785863],[1.759347,46.785843],[1.759993,46.785777],[1.760433,46.785817],[1.760777,46.785922],[1.761005,46.785954],[1.761389,46.785957],[1.761833,46.786002],[1.762025,46.786107],[1.762749,46.786356],[1.762901,46.786348],[1.763606,46.785986],[1.763753,46.785853],[1.764025,46.785475],[1.764182,46.785212],[1.764323,46.785047],[1.764917,46.784663],[1.765086,46.784521],[1.765493,46.783926],[1.766279,46.783367],[1.767159,46.782629],[1.767591,46.782336],[1.767977,46.782105],[1.768347,46.781843],[1.768518,46.781378],[1.76863,46.781178],[1.768865,46.78104],[1.769396,46.780808],[1.769824,46.780492],[1.77008,46.780118],[1.770221,46.779874],[1.770336,46.779454],[1.770344,46.779297],[1.770212,46.778974],[1.770044,46.778482],[1.769753,46.777775],[1.769712,46.777519],[1.769713,46.777223],[1.769815,46.776929],[1.77009,46.776574],[1.770462,46.776224],[1.770604,46.776035],[1.770789,46.775864],[1.770959,46.77579],[1.771365,46.775724],[1.771599,46.775658],[1.770889,46.775197],[1.770288,46.774987],[1.768724,46.774273],[1.76728,46.773589],[1.767043,46.773458],[1.767779,46.772689],[1.769195,46.772047],[1.769527,46.771914],[1.770143,46.771609],[1.770715,46.771342],[1.771116,46.771132],[1.772295,46.770543],[1.772368,46.770478],[1.771092,46.768954],[1.769738,46.768272],[1.770081,46.767808],[1.770774,46.766786],[1.771411,46.767009],[1.772031,46.766072],[1.771464,46.765851],[1.77169,46.765534],[1.771853,46.765404],[1.771959,46.765393],[1.774156,46.763293],[1.775644,46.762427],[1.775645,46.762332],[1.774978,46.761709],[1.774715,46.761549],[1.77429,46.761075],[1.775169,46.760682],[1.775324,46.760454],[1.775759,46.760242],[1.776743,46.759932],[1.777508,46.75885],[1.77856,46.758655],[1.779387,46.757515],[1.78004,46.757607],[1.780151,46.757241],[1.780287,46.756438],[1.780379,46.75606],[1.780457,46.755614],[1.780605,46.755047],[1.780148,46.754797],[1.779288,46.754392],[1.776234,46.752887],[1.775958,46.752767],[1.774091,46.751827],[1.772425,46.751011],[1.770991,46.750323],[1.770745,46.750182],[1.767966,46.748808],[1.767263,46.748519],[1.764372,46.747104],[1.762355,46.74607],[1.762056,46.745903],[1.759172,46.744479],[1.758207,46.744008],[1.757342,46.743569],[1.756547,46.743175],[1.755447,46.742649],[1.753912,46.741876],[1.752307,46.741092],[1.74957,46.739732],[1.749032,46.739475],[1.747896,46.738896],[1.747482,46.738699],[1.747809,46.738473],[1.749299,46.737317],[1.750916,46.736105],[1.753206,46.734342],[1.754792,46.733116],[1.756392,46.731869],[1.757458,46.731082],[1.758244,46.730481],[1.758682,46.730119],[1.760303,46.728884],[1.761259,46.728131],[1.761956,46.72756],[1.762246,46.727354],[1.763843,46.726177],[1.764854,46.725426],[1.766845,46.723846],[1.767641,46.723229],[1.768223,46.722788],[1.769053,46.722135],[1.770262,46.721232],[1.771401,46.720345],[1.773004,46.719116],[1.77652,46.716394],[1.776874,46.716134],[1.779392,46.714183],[1.782955,46.711434],[1.783112,46.711348]]]}"
8,36101,Luant,"46.725,1.565","{""type"":""Polygon"",""coordinates"":[[[1.584248,46.692616],[1.583991,46.69256],[1.583188,46.692612],[1.583023,46.69257],[1.582269,46.692451],[1.580298,46.692128],[1.579855,46.692067],[1.579262,46.69206],[1.57828,46.692166],[1.576963,46.692281],[1.576867,46.69231],[1.576634,46.692572],[1.576551,46.692717],[1.576502,46.693305],[1.57638,46.694152],[1.576405,46.694602],[1.574154,46.694937],[1.572774,46.6952],[1.572708,46.695245],[1.572561,46.695951],[1.572526,46.696294],[1.572538,46.697109],[1.572624,46.697654],[1.57171,46.697621],[1.571121,46.697589],[1.570599,46.697598],[1.570417,46.697628],[1.569561,46.697631],[1.56862,46.697573],[1.567451,46.6978],[1.561085,46.69789],[1.556492,46.699008],[1.554641,46.698283],[1.553337,46.698774],[1.55244,46.698205],[1.549068,46.704379],[1.546647,46.708544],[1.538568,46.715765],[1.529983,46.720489],[1.529671,46.720219],[1.529263,46.720767],[1.530132,46.722707],[1.529324,46.722587],[1.529098,46.722572],[1.528823,46.7226],[1.528435,46.722605],[1.527737,46.722557],[1.527128,46.722565],[1.526414,46.722476],[1.526142,46.722411],[1.52497,46.722045],[1.524451,46.721895],[1.523498,46.721648],[1.522529,46.721454],[1.522143,46.721405],[1.521573,46.721362],[1.520745,46.721317],[1.519751,46.721204],[1.519168,46.721162],[1.517921,46.721115],[1.517223,46.721021],[1.517084,46.721817],[1.516108,46.722191],[1.515444,46.722397],[1.515294,46.723572],[1.515296,46.723863],[1.51536,46.724069],[1.516563,46.724015],[1.517052,46.724566],[1.517233,46.72455],[1.51738,46.724706],[1.517344,46.724887],[1.517112,46.724931],[1.51719,46.726109],[1.51736,46.726617],[1.517389,46.726902],[1.517373,46.727409],[1.516976,46.727383],[1.516949,46.72752],[1.517467,46.72782],[1.51794,46.728228],[1.518291,46.728579],[1.518469,46.728865],[1.518582,46.729178],[1.518706,46.729674],[1.518157,46.731557],[1.518443,46.735499],[1.518381,46.735706],[1.518234,46.735858],[1.517718,46.736231],[1.515645,46.74676],[1.517321,46.746886],[1.517926,46.746947],[1.523311,46.747439],[1.523666,46.747839],[1.523943,46.74798],[1.524253,46.748023],[1.524972,46.748073],[1.527238,46.748074],[1.527419,46.748158],[1.527557,46.748167],[1.528707,46.748058],[1.529194,46.748104],[1.530327,46.748272],[1.530446,46.748599],[1.530686,46.749093],[1.530675,46.749163],[1.530321,46.749906],[1.530244,46.750177],[1.530187,46.750487],[1.530185,46.750846],[1.530212,46.751545],[1.530126,46.752161],[1.530014,46.752665],[1.529991,46.7529],[1.530065,46.753279],[1.531456,46.754483],[1.531768,46.75481],[1.53197,46.75508],[1.532102,46.755311],[1.53246,46.756002],[1.532662,46.756316],[1.532734,46.756529],[1.532699,46.756952],[1.533859,46.757184],[1.534275,46.756896],[1.534699,46.756707],[1.535081,46.756572],[1.535444,46.756504],[1.535799,46.756377],[1.537133,46.754297],[1.537616,46.754175],[1.538053,46.754343],[1.540774,46.754907],[1.541057,46.754422],[1.542717,46.755203],[1.545527,46.753886],[1.556106,46.75425],[1.566728,46.750897],[1.566856,46.750728],[1.566987,46.750649],[1.56787,46.750236],[1.568047,46.750062],[1.568264,46.749969],[1.568426,46.749845],[1.568583,46.749653],[1.568816,46.749304],[1.568916,46.748798],[1.569044,46.748617],[1.569759,46.74799],[1.571714,46.745873],[1.572883,46.744629],[1.576634,46.740822],[1.578671,46.738773],[1.578879,46.738036],[1.578716,46.737843],[1.578774,46.7378],[1.579014,46.737237],[1.579216,46.73671],[1.579189,46.73659],[1.579855,46.736717],[1.580438,46.736965],[1.581901,46.737857],[1.582846,46.738464],[1.583544,46.738873],[1.583738,46.738946],[1.585155,46.739316],[1.585433,46.739373],[1.586059,46.739468],[1.586562,46.739626],[1.587821,46.740067],[1.588617,46.740338],[1.591372,46.7413],[1.592681,46.741742],[1.59295,46.741873],[1.593253,46.741848],[1.593542,46.741878],[1.593618,46.741979],[1.593828,46.742147],[1.594286,46.742622],[1.594442,46.742877],[1.594748,46.743266],[1.59579,46.744271],[1.597358,46.745713],[1.597623,46.74591],[1.597635,46.746031],[1.598603,46.746693],[1.598935,46.74693],[1.599515,46.747304],[1.602019,46.74761],[1.60532,46.747736],[1.608414,46.749719],[1.610286,46.749786],[1.613618,46.750316],[1.61478,46.75092],[1.615274,46.750697],[1.613838,46.750154],[1.613651,46.749941],[1.612209,46.74812],[1.610629,46.746325],[1.610888,46.745831],[1.612447,46.74495],[1.613126,46.745242],[1.613877,46.744653],[1.614498,46.744021],[1.615066,46.743166],[1.614889,46.742857],[1.614748,46.742504],[1.614911,46.741974],[1.614868,46.741964],[1.614969,46.740328],[1.614432,46.739777],[1.613608,46.738734],[1.613005,46.738955],[1.612704,46.738406],[1.612471,46.738273],[1.612074,46.737786],[1.611891,46.737594],[1.611795,46.737407],[1.610751,46.737166],[1.610778,46.737068],[1.610644,46.73656],[1.610332,46.735751],[1.609939,46.734892],[1.609671,46.734462],[1.609194,46.73383],[1.607649,46.731942],[1.605787,46.729455],[1.60194,46.72509],[1.602185,46.724625],[1.602582,46.723618],[1.603055,46.722735],[1.599575,46.718694],[1.595949,46.714949],[1.595666,46.714645],[1.594545,46.713344],[1.5927,46.711189],[1.591858,46.710239],[1.591211,46.709566],[1.590965,46.709225],[1.590817,46.708971],[1.590665,46.708622],[1.590065,46.707127],[1.58888,46.704255],[1.58974,46.703919],[1.589267,46.703524],[1.58941,46.703276],[1.589632,46.702672],[1.589792,46.702586],[1.589952,46.701894],[1.590417,46.70078],[1.590664,46.700289],[1.590986,46.699874],[1.587791,46.700581],[1.587411,46.700669],[1.587045,46.699765],[1.584941,46.694677],[1.58436,46.693265],[1.584274,46.693009],[1.584248,46.692616]]]}"
9,36128,Montierchaume,"46.866,1.774","{""type"":""Polygon"",""coordinates"":[[[1.768807,46.900948],[1.769148,46.900898],[1.771018,46.901479],[1.771231,46.901271],[1.771577,46.901087],[1.771675,46.900994],[1.771932,46.900507],[1.777116,46.900841],[1.778589,46.901228],[1.780763,46.901834],[1.782964,46.902075],[1.785568,46.902223],[1.786014,46.901625],[1.787217,46.901831],[1.787064,46.902226],[1.788172,46.902231],[1.789574,46.902142],[1.79071,46.902],[1.7928,46.901659],[1.792946,46.901609],[1.79368,46.901924],[1.794664,46.902146],[1.796601,46.90213],[1.801677,46.90196],[1.80237,46.902112],[1.802842,46.902276],[1.803328,46.902601],[1.804809,46.903817],[1.806966,46.905632],[1.807112,46.905541],[1.807423,46.905455],[1.810604,46.904796],[1.813539,46.904207],[1.813983,46.904081],[1.81466,46.903869],[1.815812,46.903466],[1.816542,46.903188],[1.817188,46.902981],[1.825375,46.899994],[1.82411,46.898105],[1.826348,46.892205],[1.819956,46.88558],[1.819954,46.883483],[1.816574,46.878832],[1.816567,46.872804],[1.815765,46.872171],[1.815741,46.870101],[1.814649,46.868946],[1.815361,46.868567],[1.816064,46.868286],[1.816412,46.868123],[1.816854,46.867879],[1.817437,46.867577],[1.818183,46.867214],[1.818809,46.866826],[1.817451,46.862776],[1.817174,46.86182],[1.817018,46.861474],[1.816516,46.861568],[1.81613,46.861597],[1.815175,46.861631],[1.814648,46.861678],[1.813842,46.861717],[1.813359,46.861778],[1.812475,46.861982],[1.811626,46.861535],[1.809838,46.860884],[1.808619,46.860487],[1.807979,46.860708],[1.807061,46.860745],[1.806517,46.860927],[1.805948,46.861011],[1.805596,46.860954],[1.805227,46.860792],[1.804952,46.860615],[1.804634,46.860332],[1.803911,46.85907],[1.803265,46.857881],[1.802695,46.856741],[1.800811,46.854288],[1.799363,46.853075],[1.798668,46.850161],[1.798402,46.848647],[1.798114,46.848486],[1.797837,46.848242],[1.797612,46.847945],[1.797295,46.847613],[1.796715,46.84706],[1.796565,46.846847],[1.796339,46.846341],[1.796298,46.845849],[1.796377,46.845261],[1.796609,46.844859],[1.796908,46.844464],[1.797017,46.844383],[1.797224,46.844118],[1.797047,46.843986],[1.796331,46.843756],[1.7958,46.843645],[1.795516,46.843555],[1.7945,46.843081],[1.793915,46.842826],[1.793393,46.84234],[1.791425,46.839815],[1.790688,46.838978],[1.785728,46.834606],[1.782671,46.8329],[1.775435,46.828897],[1.771955,46.826889],[1.771791,46.826827],[1.771542,46.826578],[1.771308,46.826487],[1.770847,46.826404],[1.770163,46.826284],[1.762216,46.829638],[1.75895,46.83109],[1.756687,46.830901],[1.75325,46.830579],[1.753069,46.830685],[1.752743,46.83069],[1.751946,46.830345],[1.751786,46.830287],[1.751093,46.831121],[1.750938,46.831289],[1.750496,46.831087],[1.741415,46.835405],[1.741165,46.835492],[1.739428,46.835988],[1.736406,46.836871],[1.732274,46.837977],[1.731234,46.838236],[1.73114,46.838316],[1.730431,46.838809],[1.729148,46.839724],[1.729432,46.839926],[1.728444,46.840611],[1.727121,46.841548],[1.726051,46.842128],[1.724135,46.843638],[1.721846,46.845564],[1.722036,46.845637],[1.72214,46.845767],[1.722529,46.845828],[1.724462,46.846573],[1.725215,46.846854],[1.725614,46.847016],[1.72659,46.847467],[1.727378,46.84786],[1.72781,46.848024],[1.728946,46.848396],[1.729523,46.848646],[1.730094,46.848954],[1.730388,46.849151],[1.730698,46.84942],[1.730985,46.849722],[1.731319,46.850137],[1.731512,46.85035],[1.731902,46.85087],[1.732243,46.851255],[1.732387,46.851384],[1.733501,46.852595],[1.735253,46.854575],[1.736153,46.855616],[1.736584,46.856076],[1.737572,46.857181],[1.737882,46.857483],[1.73818,46.857678],[1.740066,46.858662],[1.740956,46.859112],[1.741161,46.859257],[1.74115,46.859327],[1.739435,46.860383],[1.738918,46.86069],[1.739943,46.862319],[1.740022,46.862505],[1.740071,46.862728],[1.740142,46.863245],[1.740256,46.863451],[1.742382,46.865875],[1.742842,46.866373],[1.743688,46.867398],[1.744846,46.868739],[1.745209,46.86887],[1.745529,46.868951],[1.746712,46.869207],[1.747231,46.869245],[1.748243,46.869716],[1.749248,46.870204],[1.749452,46.869964],[1.749743,46.869999],[1.750053,46.87008],[1.75086,46.870523],[1.75107,46.870537],[1.751753,46.870763],[1.752342,46.871054],[1.753102,46.87128],[1.753617,46.871283],[1.754226,46.871469],[1.754623,46.871631],[1.755044,46.871865],[1.755903,46.872211],[1.75645,46.872463],[1.756776,46.872656],[1.757163,46.872847],[1.757288,46.872768],[1.757447,46.872888],[1.758494,46.873611],[1.758915,46.873884],[1.759123,46.87395],[1.759581,46.874018],[1.759614,46.874153],[1.759589,46.87437],[1.758563,46.875638],[1.758153,46.876077],[1.757515,46.876862],[1.757746,46.87697],[1.758177,46.877135],[1.758773,46.877273],[1.759459,46.877471],[1.760489,46.877797],[1.760742,46.877856],[1.761267,46.877858],[1.761842,46.877885],[1.761374,46.878782],[1.760133,46.880647],[1.759807,46.880894],[1.759326,46.881179],[1.75892,46.881739],[1.758257,46.882796],[1.758825,46.882992],[1.759446,46.883424],[1.760043,46.883746],[1.760652,46.884015],[1.761167,46.884436],[1.761777,46.884705],[1.76293,46.885166],[1.764357,46.885062],[1.764291,46.885318],[1.764586,46.88701],[1.764714,46.887136],[1.765057,46.887888],[1.7657,46.889234],[1.765922,46.889933],[1.765923,46.890001],[1.766327,46.89113],[1.766301,46.891861],[1.765469,46.89386],[1.765298,46.895095],[1.764526,46.896862],[1.763871,46.897789],[1.762774,46.898832],[1.762613,46.898801],[1.761787,46.899927],[1.762181,46.900407],[1.763242,46.901372],[1.765358,46.901058],[1.768807,46.900948]]]}"
10,36112,Mâron,"46.799,1.865","{""type"":""Polygon"",""coordinates"":[[[1.819163,46.783793],[1.817994,46.78493],[1.816892,46.786044],[1.816052,46.786645],[1.815697,46.786917],[1.815036,46.787369],[1.813948,46.788042],[1.813178,46.788558],[1.812347,46.789135],[1.811936,46.789432],[1.811386,46.789806],[1.811252,46.789858],[1.81451,46.795824],[1.818009,46.80383],[1.818607,46.804648],[1.818874,46.80503],[1.81929,46.805524],[1.819437,46.805677],[1.820527,46.806596],[1.821656,46.807603],[1.821782,46.807601],[1.822037,46.807507],[1.822216,46.807492],[1.82231,46.807547],[1.823011,46.808053],[1.823228,46.808289],[1.823725,46.808939],[1.824046,46.809396],[1.824068,46.809471],[1.824005,46.809877],[1.824078,46.810309],[1.824105,46.810697],[1.824086,46.810863],[1.823977,46.811247],[1.823771,46.811668],[1.823756,46.811968],[1.823927,46.812922],[1.824204,46.813657],[1.824316,46.813801],[1.824558,46.813995],[1.824967,46.814285],[1.825461,46.814545],[1.825819,46.814712],[1.826447,46.815056],[1.827023,46.815512],[1.827467,46.815927],[1.827614,46.815981],[1.82763,46.816141],[1.827833,46.816674],[1.827889,46.816953],[1.827983,46.817709],[1.828029,46.817993],[1.828153,46.818417],[1.8337,46.816774],[1.833945,46.8169],[1.836563,46.81596],[1.836901,46.816435],[1.837289,46.816943],[1.837158,46.817085],[1.837652,46.818193],[1.838268,46.818113],[1.838703,46.81843],[1.839157,46.818718],[1.839468,46.819061],[1.839831,46.819524],[1.840204,46.819917],[1.840577,46.820276],[1.840828,46.820634],[1.840898,46.820851],[1.840885,46.821166],[1.840477,46.82212],[1.840389,46.822463],[1.840312,46.822663],[1.840311,46.822967],[1.840506,46.823534],[1.84076,46.823979],[1.841004,46.824318],[1.84136,46.825014],[1.842235,46.824837],[1.850161,46.823265],[1.853476,46.827164],[1.85545,46.82736],[1.85646,46.827455],[1.856987,46.827641],[1.857347,46.827665],[1.858078,46.82753],[1.860361,46.827711],[1.861319,46.827837],[1.862198,46.827575],[1.862869,46.827342],[1.868474,46.827515],[1.869459,46.827507],[1.871067,46.827775],[1.871654,46.827882],[1.872376,46.827905],[1.872407,46.827513],[1.872913,46.827608],[1.873571,46.827822],[1.87406,46.827911],[1.874537,46.827926],[1.875198,46.827854],[1.876131,46.827684],[1.876466,46.827666],[1.876746,46.827705],[1.877202,46.828321],[1.877382,46.828588],[1.87852,46.828556],[1.879128,46.828358],[1.879939,46.828506],[1.880481,46.828463],[1.880843,46.828328],[1.881358,46.828097],[1.884239,46.82154],[1.885753,46.817879],[1.885978,46.817408],[1.886528,46.81633],[1.886807,46.815808],[1.88692,46.815793],[1.887042,46.815686],[1.887457,46.815404],[1.887985,46.814938],[1.888385,46.81467],[1.889998,46.814816],[1.890415,46.814823],[1.890798,46.814707],[1.891074,46.814587],[1.892243,46.813755],[1.891646,46.81327],[1.891652,46.813194],[1.891809,46.813043],[1.892029,46.812932],[1.892612,46.8127],[1.893038,46.812512],[1.893429,46.812208],[1.893312,46.811827],[1.893263,46.81174],[1.89282,46.811442],[1.892552,46.811148],[1.892243,46.810851],[1.891645,46.8104],[1.891197,46.809956],[1.892416,46.809242],[1.892689,46.809327],[1.893025,46.809321],[1.893411,46.809204],[1.893634,46.809178],[1.893998,46.809172],[1.8941,46.809124],[1.89496,46.808122],[1.895368,46.807885],[1.894374,46.806888],[1.894045,46.806507],[1.893266,46.805741],[1.892777,46.805351],[1.89295,46.805273],[1.892362,46.804842],[1.892227,46.804456],[1.891898,46.804084],[1.890955,46.8028],[1.890518,46.802103],[1.890903,46.802076],[1.891869,46.802094],[1.892324,46.802067],[1.892628,46.802026],[1.892883,46.801937],[1.893301,46.801695],[1.893606,46.801543],[1.893951,46.801474],[1.8945,46.801427],[1.894824,46.801359],[1.895171,46.801172],[1.895455,46.800971],[1.895894,46.800702],[1.896786,46.800718],[1.897193,46.800546],[1.898437,46.800907],[1.899053,46.80118],[1.899507,46.801398],[1.899718,46.801476],[1.899962,46.801463],[1.90046,46.801353],[1.900656,46.801244],[1.900883,46.801207],[1.902345,46.800749],[1.904071,46.800228],[1.904678,46.800062],[1.905477,46.799661],[1.90601,46.799371],[1.906613,46.799067],[1.90689,46.798777],[1.907402,46.79851],[1.907862,46.798366],[1.908805,46.798909],[1.909685,46.798698],[1.910192,46.79893],[1.91066,46.799031],[1.910851,46.798985],[1.911592,46.79876],[1.912149,46.798639],[1.914167,46.798429],[1.915699,46.798274],[1.916253,46.799111],[1.917969,46.798529],[1.918485,46.798299],[1.919449,46.798057],[1.919542,46.79782],[1.919703,46.797754],[1.919617,46.797566],[1.919585,46.79718],[1.919368,46.796931],[1.91899,46.796359],[1.918698,46.796071],[1.918374,46.79585],[1.918301,46.795769],[1.918044,46.79561],[1.917794,46.795331],[1.917378,46.795163],[1.916817,46.795004],[1.916182,46.794887],[1.915872,46.794803],[1.915586,46.794672],[1.915345,46.794519],[1.915059,46.794289],[1.914712,46.793981],[1.914294,46.793438],[1.913692,46.79257],[1.913585,46.792351],[1.913475,46.792001],[1.913419,46.791603],[1.913419,46.79112],[1.913383,46.790739],[1.913306,46.790494],[1.913119,46.790139],[1.912585,46.789679],[1.912508,46.789543],[1.912546,46.789261],[1.912502,46.788796],[1.912356,46.788473],[1.912197,46.7883],[1.912016,46.788186],[1.911688,46.788072],[1.909578,46.78754],[1.908946,46.787334],[1.907903,46.78704],[1.907429,46.786897],[1.906366,46.786472],[1.906096,46.786337],[1.905854,46.78618],[1.905633,46.785913],[1.905594,46.785742],[1.90556,46.785052],[1.905562,46.784728],[1.904385,46.784462],[1.903211,46.783918],[1.902884,46.783827],[1.892959,46.790566],[1.892751,46.790537],[1.891992,46.790567],[1.89123,46.790866],[1.890523,46.790556],[1.888899,46.790157],[1.888363,46.790079],[1.887777,46.789974],[1.887032,46.789899],[1.885331,46.789707],[1.883591,46.789574],[1.883336,46.789567],[1.882708,46.789592],[1.882363,46.789659],[1.881925,46.789835],[1.881267,46.790209],[1.880854,46.790363],[1.880375,46.79046],[1.880098,46.790484],[1.879606,46.790494],[1.879522,46.79036],[1.87936,46.790285],[1.879065,46.790283],[1.878898,46.790314],[1.877761,46.790589],[1.877587,46.790619],[1.87662,46.790699],[1.876343,46.790826],[1.875806,46.790893],[1.875198,46.791008],[1.874463,46.791113],[1.873294,46.791336],[1.872246,46.791473],[1.871457,46.791593],[1.870968,46.79162],[1.869899,46.790633],[1.869594,46.790359],[1.868475,46.789418],[1.867663,46.788768],[1.866875,46.788202],[1.865931,46.787507],[1.865734,46.787322],[1.864918,46.786637],[1.863837,46.785775],[1.863156,46.785194],[1.863004,46.785031],[1.862573,46.784684],[1.86196,46.784211],[1.860463,46.783027],[1.859075,46.781947],[1.858241,46.78123],[1.857173,46.780274],[1.856613,46.77985],[1.856202,46.779559],[1.855784,46.779233],[1.855385,46.778848],[1.854784,46.778238],[1.85423,46.777601],[1.853871,46.777211],[1.853197,46.776589],[1.85256,46.775982],[1.85214,46.775538],[1.851764,46.775121],[1.851458,46.774735],[1.851243,46.774204],[1.851079,46.773843],[1.850882,46.773304],[1.850715,46.77258],[1.850389,46.771637],[1.850009,46.770667],[1.84972,46.769794],[1.849593,46.769828],[1.848839,46.770108],[1.847811,46.770465],[1.846629,46.77089],[1.846196,46.771012],[1.845952,46.77104],[1.845267,46.771019],[1.844568,46.771012],[1.84424,46.77105],[1.842994,46.771315],[1.842087,46.771523],[1.84164,46.771672],[1.839574,46.772715],[1.839192,46.77285],[1.838784,46.772841],[1.837425,46.772679],[1.836484,46.772581],[1.834962,46.77241],[1.834396,46.772335],[1.834442,46.772705],[1.834271,46.773101],[1.834171,46.773591],[1.834002,46.774678],[1.833932,46.774872],[1.83377,46.774984],[1.833404,46.775142],[1.83295,46.775269],[1.831663,46.77557],[1.831349,46.775661],[1.830554,46.775993],[1.830124,46.776201],[1.829115,46.776796],[1.828858,46.776913],[1.828538,46.777098],[1.82841,46.7772],[1.828142,46.777525],[1.827842,46.777964],[1.826994,46.778492],[1.826701,46.778662],[1.826308,46.778926],[1.825649,46.779466],[1.824789,46.780109],[1.824106,46.780605],[1.823336,46.781117],[1.822275,46.781733],[1.821716,46.78201],[1.820915,46.782379],[1.820698,46.782525],[1.819163,46.783793]]]}"
11,36202,Saint-Maur,"46.811,1.620","{""type"":""Polygon"",""coordinates"":[[[1.587666,46.855302],[1.588639,46.856145],[1.589504,46.856708],[1.590394,46.857263],[1.591344,46.857901],[1.591527,46.858062],[1.591971,46.858525],[1.592714,46.859398],[1.593062,46.859891],[1.593402,46.860436],[1.593547,46.860605],[1.593847,46.861196],[1.594095,46.861808],[1.59455,46.86276],[1.59477,46.863088],[1.595709,46.863955],[1.596091,46.864333],[1.595343,46.865929],[1.594721,46.866971],[1.594509,46.867518],[1.594551,46.867837],[1.594602,46.868017],[1.594507,46.868234],[1.591033,46.870442],[1.59081,46.870696],[1.590506,46.871279],[1.590322,46.871403],[1.587203,46.873057],[1.583175,46.875185],[1.582584,46.875289],[1.583325,46.87562],[1.584809,46.876237],[1.585391,46.876485],[1.588354,46.877703],[1.590524,46.878614],[1.590658,46.878678],[1.591175,46.879036],[1.592621,46.879996],[1.593289,46.880411],[1.593738,46.880625],[1.595417,46.88145],[1.596085,46.881784],[1.596463,46.88194],[1.596696,46.881981],[1.5973,46.88204],[1.5975,46.882075],[1.59882,46.882422],[1.599993,46.882724],[1.601218,46.883047],[1.601583,46.88315],[1.603125,46.883654],[1.604831,46.88422],[1.60531,46.884387],[1.60739,46.885126],[1.607566,46.885214],[1.609303,46.884111],[1.613999,46.880898],[1.614449,46.880556],[1.614617,46.880544],[1.615624,46.88119],[1.616982,46.882037],[1.617243,46.882186],[1.617455,46.882271],[1.622868,46.882272],[1.628415,46.881232],[1.628851,46.880916],[1.629837,46.880228],[1.631072,46.879384],[1.632101,46.878662],[1.633665,46.877613],[1.634833,46.87679],[1.635319,46.876458],[1.636005,46.876954],[1.636838,46.877582],[1.637123,46.87783],[1.637294,46.878011],[1.637666,46.878267],[1.639255,46.87947],[1.642173,46.876062],[1.643316,46.876542],[1.643398,46.876152],[1.643421,46.875517],[1.643481,46.874464],[1.64358,46.873678],[1.643669,46.87336],[1.650665,46.875003],[1.651267,46.873981],[1.652581,46.871827],[1.653071,46.870987],[1.653209,46.870703],[1.653862,46.869535],[1.655004,46.867571],[1.655297,46.867143],[1.65577,46.866493],[1.655941,46.866223],[1.656254,46.865818],[1.656985,46.864785],[1.657446,46.864148],[1.657974,46.863393],[1.658106,46.863221],[1.658715,46.862349],[1.658938,46.86209],[1.659291,46.861747],[1.660199,46.860913],[1.659195,46.859538],[1.65558,46.853596],[1.655084,46.851129],[1.655367,46.849829],[1.655422,46.849364],[1.655416,46.848924],[1.655346,46.848449],[1.655154,46.847741],[1.655094,46.84742],[1.655098,46.847076],[1.655524,46.845327],[1.655501,46.845016],[1.655418,46.844679],[1.655097,46.843799],[1.650164,46.843668],[1.648165,46.843594],[1.646754,46.843489],[1.64627,46.842843],[1.644447,46.840604],[1.641512,46.840976],[1.640821,46.841049],[1.635372,46.841098],[1.63486,46.841032],[1.634599,46.840921],[1.633705,46.839671],[1.632669,46.837875],[1.63333,46.837729],[1.634009,46.837513],[1.634348,46.837283],[1.634821,46.836919],[1.634983,46.836657],[1.634992,46.836435],[1.634916,46.836309],[1.635058,46.836296],[1.639055,46.835593],[1.640733,46.835293],[1.641436,46.835214],[1.64169,46.835201],[1.643073,46.836428],[1.644062,46.835775],[1.644372,46.835654],[1.644412,46.835544],[1.645782,46.834634],[1.646107,46.834484],[1.646374,46.834413],[1.646635,46.835724],[1.646934,46.835738],[1.647316,46.835786],[1.648168,46.835954],[1.648548,46.836061],[1.650917,46.836637],[1.651414,46.836754],[1.651574,46.836739],[1.651651,46.836814],[1.653253,46.837196],[1.653629,46.837374],[1.658819,46.836386],[1.661908,46.835706],[1.662642,46.835088],[1.663048,46.834693],[1.663666,46.83416],[1.663849,46.834026],[1.663865,46.833904],[1.664043,46.833868],[1.664564,46.833433],[1.665529,46.83272],[1.666417,46.831994],[1.667144,46.831413],[1.667529,46.831082],[1.66779,46.830822],[1.668318,46.830243],[1.668557,46.829965],[1.668872,46.829633],[1.669684,46.828835],[1.669956,46.828517],[1.67026,46.828039],[1.67058,46.827462],[1.670999,46.826948],[1.671304,46.826622],[1.671709,46.826245],[1.672208,46.825802],[1.672672,46.82537],[1.6722,46.823313],[1.672113,46.823038],[1.671734,46.821984],[1.671932,46.821891],[1.671898,46.821766],[1.671863,46.820889],[1.671883,46.819646],[1.671907,46.819586],[1.671521,46.818394],[1.67144,46.817819],[1.671437,46.817607],[1.671566,46.817525],[1.67172,46.816967],[1.671795,46.816801],[1.671988,46.816583],[1.671735,46.816649],[1.671382,46.816657],[1.670912,46.816626],[1.670567,46.816508],[1.669975,46.816232],[1.66956,46.816019],[1.669343,46.815984],[1.669117,46.816083],[1.669005,46.816418],[1.668827,46.816431],[1.668576,46.816365],[1.66738,46.815879],[1.666966,46.81566],[1.665775,46.814966],[1.66528,46.814516],[1.664707,46.814032],[1.663817,46.813025],[1.663558,46.812848],[1.662745,46.811662],[1.662469,46.811325],[1.662409,46.811192],[1.662382,46.81086],[1.662415,46.810623],[1.662265,46.810451],[1.661818,46.810019],[1.661379,46.80956],[1.661255,46.809411],[1.661131,46.809153],[1.661097,46.809013],[1.661135,46.808856],[1.661389,46.80859],[1.661401,46.808304],[1.661574,46.807682],[1.66159,46.807561],[1.66153,46.807438],[1.661254,46.807238],[1.661018,46.807015],[1.66091,46.806816],[1.660708,46.806522],[1.660516,46.806315],[1.660398,46.806001],[1.660336,46.805714],[1.66036,46.805313],[1.660355,46.805025],[1.66031,46.80484],[1.66021,46.804698],[1.660073,46.804619],[1.659887,46.804588],[1.659468,46.804644],[1.659058,46.804817],[1.658318,46.80519],[1.657971,46.805254],[1.657729,46.805249],[1.657537,46.805168],[1.657302,46.804964],[1.657264,46.804799],[1.657019,46.804794],[1.656408,46.805002],[1.655967,46.805244],[1.655375,46.805525],[1.655029,46.805617],[1.654321,46.8057],[1.653668,46.805859],[1.652887,46.806003],[1.652654,46.80609],[1.652267,46.806185],[1.651953,46.806208],[1.651733,46.806254],[1.651641,46.806327],[1.651259,46.806385],[1.650453,46.806568],[1.650173,46.806554],[1.649715,46.80661],[1.649423,46.806681],[1.648862,46.806885],[1.648707,46.80701],[1.648289,46.807057],[1.647927,46.807051],[1.647724,46.806989],[1.647482,46.806856],[1.647026,46.806422],[1.646837,46.806157],[1.646665,46.806012],[1.646312,46.805808],[1.646224,46.805722],[1.645857,46.805179],[1.645768,46.804962],[1.64563,46.804773],[1.64543,46.804614],[1.645259,46.804544],[1.645092,46.804526],[1.6447,46.804612],[1.64458,46.804702],[1.644203,46.804679],[1.644036,46.804605],[1.643845,46.804401],[1.643736,46.804158],[1.643432,46.803647],[1.643251,46.803435],[1.643086,46.803163],[1.642764,46.802456],[1.642525,46.802133],[1.642155,46.801872],[1.641749,46.80167],[1.641193,46.801494],[1.640759,46.801147],[1.640495,46.800915],[1.640284,46.800808],[1.639998,46.800703],[1.639722,46.800738],[1.639184,46.801166],[1.638969,46.801162],[1.638956,46.800976],[1.638994,46.800697],[1.638914,46.800491],[1.638186,46.800149],[1.638141,46.799995],[1.638199,46.799717],[1.638318,46.799551],[1.638663,46.799232],[1.638723,46.799037],[1.638664,46.798853],[1.638474,46.798718],[1.638773,46.798623],[1.639168,46.798576],[1.639474,46.798585],[1.640872,46.798367],[1.641728,46.7983],[1.642643,46.798247],[1.643005,46.798255],[1.644591,46.7982],[1.644744,46.798173],[1.644867,46.798093],[1.646146,46.797977],[1.646683,46.797869],[1.647347,46.797792],[1.648375,46.797833],[1.648636,46.797605],[1.648824,46.797473],[1.648941,46.797445],[1.649408,46.797621],[1.650902,46.797639],[1.651947,46.797546],[1.653399,46.797288],[1.654391,46.79693],[1.654979,46.796762],[1.65511,46.796757],[1.655855,46.796627],[1.656751,46.796408],[1.657181,46.796353],[1.657605,46.79628],[1.657929,46.796177],[1.658737,46.795728],[1.659101,46.795561],[1.659859,46.795443],[1.660113,46.795462],[1.660586,46.795597],[1.66087,46.795613],[1.661202,46.795531],[1.661667,46.795282],[1.661998,46.795161],[1.66216,46.795068],[1.662945,46.794707],[1.663094,46.794653],[1.664199,46.793659],[1.66432,46.793531],[1.664127,46.793329],[1.66429,46.793175],[1.664722,46.792695],[1.665238,46.792062],[1.665567,46.791438],[1.665672,46.7911],[1.665703,46.79078],[1.665752,46.790539],[1.666047,46.79],[1.666056,46.78963],[1.665644,46.789365],[1.665899,46.788921],[1.666201,46.788518],[1.666162,46.78843],[1.666252,46.788105],[1.666349,46.787513],[1.666432,46.787182],[1.666619,46.78669],[1.66674,46.78643],[1.666858,46.786249],[1.66713,46.785994],[1.667608,46.785788],[1.66776,46.785697],[1.66798,46.785449],[1.668397,46.784676],[1.668736,46.784298],[1.669029,46.784027],[1.670492,46.78314],[1.670765,46.782862],[1.671078,46.782506],[1.671434,46.782127],[1.672804,46.78279],[1.672959,46.782594],[1.6731,46.782511],[1.673443,46.782008],[1.673617,46.781871],[1.674091,46.781632],[1.674397,46.781444],[1.674866,46.781075],[1.674919,46.780871],[1.675476,46.780533],[1.675797,46.780414],[1.676205,46.780354],[1.677253,46.780166],[1.678892,46.779656],[1.679467,46.779469],[1.679786,46.779279],[1.680186,46.778948],[1.682547,46.778832],[1.683355,46.778691],[1.684249,46.777568],[1.68452,46.776652],[1.684384,46.775892],[1.684246,46.77574],[1.684208,46.775173],[1.684168,46.774118],[1.684202,46.773129],[1.684093,46.772213],[1.684206,46.772099],[1.683263,46.770941],[1.68199,46.769302],[1.681488,46.768336],[1.681286,46.767784],[1.681077,46.767125],[1.680823,46.766628],[1.68041,46.766123],[1.680102,46.765827],[1.679974,46.765653],[1.67638,46.763663],[1.676025,46.763296],[1.672635,46.761618],[1.672374,46.761219],[1.671681,46.760212],[1.671064,46.759277],[1.670891,46.75908],[1.670844,46.758703],[1.67082,46.758196],[1.67085,46.757759],[1.670966,46.757049],[1.67112,46.7564],[1.67125,46.756068],[1.671879,46.755953],[1.672092,46.755638],[1.672312,46.755501],[1.672827,46.755397],[1.673186,46.755289],[1.673571,46.755076],[1.67304,46.754347],[1.672675,46.753825],[1.672477,46.753517],[1.672003,46.752929],[1.671694,46.752561],[1.671316,46.752196],[1.670808,46.751838],[1.67021,46.751387],[1.669342,46.750972],[1.668878,46.750614],[1.668531,46.750237],[1.668233,46.749827],[1.66779,46.749454],[1.666812,46.748846],[1.665866,46.748055],[1.665269,46.747654],[1.664546,46.747356],[1.663969,46.747198],[1.663179,46.747089],[1.662014,46.746962],[1.660899,46.746816],[1.659533,46.746515],[1.658706,46.74644],[1.65727,46.746419],[1.657029,46.74645],[1.656207,46.746443],[1.655867,46.746498],[1.655173,46.746638],[1.654264,46.746724],[1.653055,46.746885],[1.652263,46.746945],[1.651643,46.746959],[1.651,46.746902],[1.650414,46.746864],[1.649045,46.746748],[1.647711,46.746662],[1.647265,46.746655],[1.646591,46.746723],[1.646188,46.746687],[1.64551,46.746567],[1.645263,46.746545],[1.644922,46.746551],[1.64384,46.74662],[1.643258,46.746638],[1.642738,46.746625],[1.640052,46.746541],[1.638609,46.746255],[1.636455,46.745662],[1.633283,46.745006],[1.631535,46.744886],[1.628689,46.744791],[1.627175,46.744689],[1.625362,46.744526],[1.622347,46.743987],[1.621122,46.743735],[1.620113,46.743463],[1.616288,46.74233],[1.616078,46.742259],[1.614911,46.741974],[1.614748,46.742504],[1.614889,46.742857],[1.615066,46.743166],[1.614498,46.744021],[1.613877,46.744653],[1.613126,46.745242],[1.612447,46.74495],[1.610888,46.745831],[1.610629,46.746325],[1.612209,46.74812],[1.613651,46.749941],[1.613838,46.750154],[1.615274,46.750697],[1.61478,46.75092],[1.613618,46.750316],[1.610286,46.749786],[1.608414,46.749719],[1.60532,46.747736],[1.602019,46.74761],[1.599515,46.747304],[1.598935,46.74693],[1.598603,46.746693],[1.597635,46.746031],[1.597623,46.74591],[1.597358,46.745713],[1.59579,46.744271],[1.594748,46.743266],[1.594442,46.742877],[1.594286,46.742622],[1.593828,46.742147],[1.593618,46.741979],[1.593542,46.741878],[1.593253,46.741848],[1.59295,46.741873],[1.592681,46.741742],[1.591372,46.7413],[1.588617,46.740338],[1.587821,46.740067],[1.586562,46.739626],[1.586059,46.739468],[1.585433,46.739373],[1.585155,46.739316],[1.583738,46.738946],[1.583544,46.738873],[1.582846,46.738464],[1.581901,46.737857],[1.580438,46.736965],[1.579855,46.736717],[1.579189,46.73659],[1.579216,46.73671],[1.579014,46.737237],[1.578774,46.7378],[1.578716,46.737843],[1.578879,46.738036],[1.578671,46.738773],[1.576634,46.740822],[1.572883,46.744629],[1.571714,46.745873],[1.569759,46.74799],[1.569044,46.748617],[1.568916,46.748798],[1.568816,46.749304],[1.568583,46.749653],[1.568426,46.749845],[1.568264,46.749969],[1.568047,46.750062],[1.56787,46.750236],[1.566987,46.750649],[1.566856,46.750728],[1.566728,46.750897],[1.556106,46.75425],[1.568031,46.762136],[1.569212,46.763827],[1.570281,46.765031],[1.571059,46.76553],[1.571585,46.765835],[1.572074,46.766024],[1.572649,46.766175],[1.572672,46.76645],[1.575288,46.767449],[1.577969,46.768399],[1.577808,46.772744],[1.577799,46.77304],[1.577682,46.773344],[1.577742,46.773514],[1.578149,46.773965],[1.578186,46.774078],[1.578128,46.774204],[1.577585,46.774422],[1.577538,46.774517],[1.57775,46.774828],[1.577385,46.774828],[1.57722,46.774795],[1.576334,46.777146],[1.576926,46.777534],[1.576922,46.777865],[1.576569,46.77831],[1.576157,46.778474],[1.575935,46.7786],[1.57551,46.779006],[1.574027,46.778474],[1.574447,46.780088],[1.577071,46.781431],[1.574087,46.783568],[1.574424,46.784122],[1.574707,46.784558],[1.57493,46.785149],[1.574955,46.785456],[1.574885,46.785712],[1.574707,46.785878],[1.574463,46.785973],[1.57444,46.787387],[1.575261,46.787872],[1.576157,46.788462],[1.576525,46.788792],[1.586651,46.804681],[1.588346,46.806799],[1.589582,46.807793],[1.589864,46.807742],[1.590298,46.807392],[1.590418,46.807337],[1.590676,46.807294],[1.590978,46.807336],[1.591399,46.807472],[1.591676,46.807474],[1.591796,46.807433],[1.592102,46.807257],[1.592351,46.807193],[1.592761,46.807183],[1.593118,46.807145],[1.59329,46.807096],[1.59347,46.806975],[1.593736,46.806945],[1.593859,46.807054],[1.594074,46.807315],[1.594288,46.807447],[1.594519,46.807296],[1.594862,46.807198],[1.595477,46.807107],[1.595667,46.807023],[1.59579,46.806917],[1.596082,46.806537],[1.596362,46.806094],[1.596899,46.805308],[1.597128,46.804123],[1.597279,46.803706],[1.608511,46.814836],[1.608539,46.815009],[1.60982,46.816722],[1.610176,46.817168],[1.610072,46.8172],[1.609691,46.817396],[1.609352,46.817685],[1.609076,46.817823],[1.608999,46.817891],[1.609096,46.818055],[1.608844,46.818218],[1.608912,46.818387],[1.608805,46.818554],[1.608951,46.81879],[1.608937,46.818883],[1.608761,46.818988],[1.608843,46.819136],[1.608827,46.819293],[1.608654,46.819391],[1.608432,46.81968],[1.60825,46.819838],[1.608203,46.820167],[1.607667,46.820425],[1.607454,46.820488],[1.607259,46.820608],[1.607122,46.820808],[1.607177,46.821047],[1.607444,46.8213],[1.607306,46.821337],[1.606737,46.821591],[1.60636,46.821598],[1.605885,46.821646],[1.604586,46.821877],[1.603607,46.822082],[1.603221,46.822214],[1.602757,46.8224],[1.60256,46.822454],[1.601922,46.822518],[1.601343,46.822634],[1.601031,46.822681],[1.600315,46.822733],[1.599916,46.822739],[1.599566,46.822776],[1.597764,46.822873],[1.597333,46.822969],[1.597087,46.823045],[1.596268,46.823458],[1.59613,46.823586],[1.596029,46.823823],[1.595869,46.823959],[1.595494,46.824132],[1.595321,46.824249],[1.595168,46.824437],[1.595204,46.824571],[1.595156,46.824713],[1.594937,46.825008],[1.594732,46.825131],[1.594433,46.825221],[1.593944,46.825195],[1.593503,46.825077],[1.593347,46.82527],[1.593404,46.825399],[1.593546,46.825539],[1.593606,46.825691],[1.59355,46.825909],[1.593351,46.82605],[1.592774,46.826251],[1.592651,46.826325],[1.592597,46.826485],[1.592734,46.82665],[1.592803,46.827104],[1.592696,46.827299],[1.592127,46.827784],[1.591787,46.828033],[1.591479,46.828187],[1.591285,46.82833],[1.591094,46.828539],[1.59068,46.82928],[1.590656,46.829648],[1.590874,46.829737],[1.590975,46.829978],[1.590985,46.831334],[1.591194,46.831552],[1.591382,46.831616],[1.591421,46.831728],[1.591709,46.832084],[1.591906,46.832236],[1.59201,46.832418],[1.592723,46.833238],[1.592814,46.833514],[1.593101,46.8367],[1.593324,46.838875],[1.593848,46.843261],[1.594577,46.849809],[1.594705,46.850393],[1.591899,46.855845],[1.591007,46.855725],[1.590327,46.85562],[1.589605,46.855477],[1.587873,46.855088],[1.587666,46.855302]]]}"
12,36211,Sassierges-Saint-Germain,"46.747,1.891","{""type"":""Polygon"",""coordinates"":[[[1.897035,46.701623],[1.888392,46.70318],[1.88263,46.70449],[1.882617,46.706831],[1.88259,46.709317],[1.882569,46.712043],[1.882561,46.716056],[1.882545,46.716632],[1.88254,46.718439],[1.882525,46.720349],[1.882525,46.721522],[1.882508,46.723159],[1.882456,46.723477],[1.882284,46.723876],[1.881343,46.725551],[1.88087,46.726378],[1.880779,46.72661],[1.880675,46.726973],[1.880652,46.727178],[1.880667,46.727546],[1.88073,46.727822],[1.87951,46.729215],[1.878918,46.729663],[1.87655,46.73109],[1.874935,46.730975],[1.874548,46.730969],[1.875804,46.734194],[1.876639,46.736087],[1.877037,46.73747],[1.875217,46.736697],[1.874802,46.73654],[1.874588,46.736488],[1.873944,46.736402],[1.872406,46.736145],[1.87178,46.736056],[1.870278,46.743585],[1.869866,46.743544],[1.868681,46.743479],[1.867059,46.74336],[1.867334,46.743492],[1.867783,46.743743],[1.868741,46.744297],[1.869078,46.744565],[1.869489,46.74492],[1.87024,46.745694],[1.870926,46.746384],[1.871494,46.746854],[1.871999,46.747308],[1.872184,46.74745],[1.872785,46.748009],[1.873528,46.748656],[1.873814,46.748935],[1.874273,46.74935],[1.874479,46.749516],[1.874942,46.749836],[1.876253,46.750691],[1.877361,46.751569],[1.877274,46.75172],[1.876736,46.752476],[1.876268,46.753184],[1.875952,46.753623],[1.875699,46.753904],[1.875382,46.754149],[1.874992,46.754369],[1.874565,46.754538],[1.874031,46.754795],[1.873669,46.754994],[1.872638,46.755429],[1.872322,46.755551],[1.871616,46.755721],[1.8713,46.755765],[1.87075,46.755778],[1.870326,46.755596],[1.870154,46.755649],[1.869411,46.755681],[1.868123,46.755672],[1.867558,46.755698],[1.867018,46.755752],[1.866861,46.755721],[1.866675,46.755778],[1.865578,46.755884],[1.864198,46.756069],[1.863551,46.756243],[1.863188,46.756375],[1.862689,46.7567],[1.861901,46.757295],[1.861304,46.757636],[1.861037,46.757821],[1.8603,46.758283],[1.859483,46.758779],[1.85842,46.759379],[1.857949,46.759632],[1.856568,46.760224],[1.856294,46.760325],[1.855,46.760888],[1.854858,46.760968],[1.85439,46.76132],[1.853935,46.761608],[1.853789,46.761729],[1.853401,46.762144],[1.852823,46.76264],[1.85278,46.76266],[1.85202,46.763379],[1.851528,46.763832],[1.850796,46.764541],[1.850533,46.764749],[1.849913,46.765091],[1.84877,46.765652],[1.848623,46.765661],[1.848794,46.766471],[1.849025,46.767207],[1.849162,46.767702],[1.849358,46.768556],[1.849543,46.769014],[1.849671,46.769528],[1.84972,46.769794],[1.850009,46.770667],[1.850389,46.771637],[1.850715,46.77258],[1.850882,46.773304],[1.851079,46.773843],[1.851243,46.774204],[1.851458,46.774735],[1.851764,46.775121],[1.85214,46.775538],[1.85256,46.775982],[1.853197,46.776589],[1.853871,46.777211],[1.85423,46.777601],[1.854784,46.778238],[1.855385,46.778848],[1.855784,46.779233],[1.856202,46.779559],[1.856613,46.77985],[1.857173,46.780274],[1.858241,46.78123],[1.859075,46.781947],[1.860463,46.783027],[1.86196,46.784211],[1.862573,46.784684],[1.863004,46.785031],[1.863156,46.785194],[1.863837,46.785775],[1.864918,46.786637],[1.865734,46.787322],[1.865931,46.787507],[1.866875,46.788202],[1.867663,46.788768],[1.868475,46.789418],[1.869594,46.790359],[1.869899,46.790633],[1.870968,46.79162],[1.871457,46.791593],[1.872246,46.791473],[1.873294,46.791336],[1.874463,46.791113],[1.875198,46.791008],[1.875806,46.790893],[1.876343,46.790826],[1.87662,46.790699],[1.877587,46.790619],[1.877761,46.790589],[1.878898,46.790314],[1.879065,46.790283],[1.87936,46.790285],[1.879522,46.79036],[1.879606,46.790494],[1.880098,46.790484],[1.880375,46.79046],[1.880854,46.790363],[1.881267,46.790209],[1.881925,46.789835],[1.882363,46.789659],[1.882708,46.789592],[1.883336,46.789567],[1.883591,46.789574],[1.885331,46.789707],[1.887032,46.789899],[1.887777,46.789974],[1.888363,46.790079],[1.888899,46.790157],[1.890523,46.790556],[1.89123,46.790866],[1.891992,46.790567],[1.892751,46.790537],[1.892959,46.790566],[1.902884,46.783827],[1.903211,46.783918],[1.904385,46.784462],[1.905562,46.784728],[1.90556,46.785052],[1.905594,46.785742],[1.905633,46.785913],[1.905854,46.78618],[1.906096,46.786337],[1.906366,46.786472],[1.907429,46.786897],[1.907903,46.78704],[1.908946,46.787334],[1.909578,46.78754],[1.911688,46.788072],[1.912016,46.788186],[1.912197,46.7883],[1.912356,46.788473],[1.912502,46.788796],[1.912546,46.789261],[1.912508,46.789543],[1.912585,46.789679],[1.913449,46.789489],[1.914228,46.789247],[1.91465,46.788967],[1.914879,46.788679],[1.914956,46.788364],[1.91489,46.788023],[1.91468,46.787387],[1.914663,46.787192],[1.914729,46.787006],[1.914836,46.786954],[1.915337,46.786991],[1.915729,46.786871],[1.916283,46.786657],[1.917262,46.786129],[1.91728,46.786068],[1.917773,46.785809],[1.917947,46.785652],[1.918076,46.78546],[1.918174,46.78522],[1.918151,46.785052],[1.917797,46.784553],[1.917623,46.78414],[1.917535,46.783998],[1.9171,46.784207],[1.91653,46.783777],[1.91713,46.783063],[1.917381,46.782659],[1.917375,46.782449],[1.917278,46.782312],[1.923326,46.77853],[1.921516,46.777137],[1.919593,46.775639],[1.919041,46.775216],[1.916414,46.773175],[1.915702,46.772633],[1.913997,46.771305],[1.913879,46.771193],[1.913844,46.771033],[1.913991,46.770419],[1.916924,46.763592],[1.917174,46.763084],[1.917406,46.763033],[1.91762,46.762911],[1.918249,46.762599],[1.918425,46.762558],[1.918999,46.762533],[1.919374,46.762456],[1.919886,46.762183],[1.920554,46.761864],[1.921145,46.761619],[1.921345,46.761578],[1.921612,46.761589],[1.922084,46.76168],[1.92223,46.76167],[1.922627,46.76153],[1.92298,46.76151],[1.923826,46.761654],[1.924092,46.761655],[1.924651,46.761594],[1.925568,46.76144],[1.926089,46.761368],[1.926823,46.761312],[1.928047,46.761196],[1.929178,46.761058],[1.930593,46.760858],[1.930922,46.760801],[1.93129,46.760622],[1.932103,46.76011],[1.932281,46.759921],[1.932375,46.759601],[1.932342,46.759104],[1.933026,46.758097],[1.93261,46.757934],[1.932219,46.757758],[1.9315,46.75751],[1.931371,46.75744],[1.930883,46.757052],[1.930312,46.756554],[1.930079,46.756372],[1.929812,46.756234],[1.928854,46.755814],[1.928561,46.755715],[1.9282,46.755528],[1.927639,46.755276],[1.927285,46.755177],[1.926346,46.75499],[1.925741,46.754838],[1.924907,46.754599],[1.923503,46.75417],[1.922979,46.753998],[1.922199,46.75358],[1.922093,46.753482],[1.922057,46.753276],[1.921982,46.75311],[1.921798,46.752864],[1.921685,46.752656],[1.921439,46.751878],[1.921374,46.75162],[1.921157,46.750898],[1.921025,46.750311],[1.920963,46.750209],[1.920486,46.74966],[1.920395,46.749428],[1.920365,46.749174],[1.920262,46.749008],[1.91961,46.748434],[1.919192,46.748173],[1.918672,46.747875],[1.91838,46.747618],[1.918254,46.747572],[1.917114,46.747053],[1.917045,46.746979],[1.916756,46.746996],[1.916621,46.746943],[1.915115,46.745787],[1.914152,46.745485],[1.913815,46.745422],[1.913379,46.74542],[1.91242,46.745447],[1.910388,46.745755],[1.909558,46.745926],[1.909329,46.745748],[1.908833,46.745298],[1.908709,46.745017],[1.908707,46.744734],[1.908764,46.744566],[1.90927,46.743716],[1.909356,46.743349],[1.909285,46.742367],[1.909377,46.741831],[1.909699,46.741083],[1.909893,46.740526],[1.910156,46.739708],[1.910392,46.738896],[1.910549,46.738667],[1.911042,46.738252],[1.91134,46.738078],[1.911867,46.737869],[1.912916,46.737678],[1.914712,46.737311],[1.914976,46.737299],[1.915604,46.737386],[1.915764,46.737332],[1.915892,46.737151],[1.911967,46.731498],[1.899449,46.712841],[1.897035,46.701623]]]}"
13,36071,Étrechet,"46.789,1.780","{""type"":""Polygon"",""coordinates"":[[[1.811252,46.789858],[1.811386,46.789806],[1.811936,46.789432],[1.812347,46.789135],[1.813178,46.788558],[1.813948,46.788042],[1.815036,46.787369],[1.815697,46.786917],[1.816052,46.786645],[1.816892,46.786044],[1.817994,46.78493],[1.819163,46.783793],[1.818241,46.783412],[1.817455,46.78314],[1.816931,46.782973],[1.816079,46.782736],[1.815356,46.782468],[1.815084,46.78238],[1.814629,46.78228],[1.814411,46.782251],[1.813538,46.782186],[1.812918,46.782116],[1.812431,46.782038],[1.810182,46.781482],[1.809649,46.781429],[1.808043,46.781587],[1.806923,46.78173],[1.80664,46.78178],[1.806444,46.781275],[1.806334,46.781112],[1.806044,46.78092],[1.806043,46.780713],[1.805996,46.78036],[1.806012,46.780229],[1.806255,46.779772],[1.804831,46.779692],[1.804557,46.779662],[1.803637,46.779478],[1.8031,46.779426],[1.802394,46.779387],[1.801138,46.77927],[1.800476,46.779167],[1.799658,46.778937],[1.799067,46.778792],[1.798422,46.77839],[1.795388,46.776236],[1.794964,46.775957],[1.794364,46.775482],[1.794031,46.775262],[1.793716,46.775119],[1.792861,46.774701],[1.79181,46.774212],[1.788904,46.772785],[1.788586,46.772559],[1.787657,46.771975],[1.787265,46.771757],[1.786744,46.771494],[1.786457,46.771252],[1.786324,46.771096],[1.78606,46.770668],[1.785912,46.770489],[1.785014,46.770408],[1.784903,46.770046],[1.784882,46.769749],[1.784817,46.769217],[1.784609,46.7684],[1.784398,46.767921],[1.784379,46.767758],[1.784479,46.767414],[1.784402,46.766953],[1.784283,46.766671],[1.783824,46.765876],[1.783566,46.765486],[1.783441,46.765245],[1.783261,46.764831],[1.783135,46.76443],[1.783092,46.764198],[1.782918,46.763646],[1.78273,46.763273],[1.782479,46.76268],[1.782119,46.761915],[1.781758,46.761233],[1.781468,46.760909],[1.781369,46.760693],[1.781116,46.759921],[1.781017,46.759759],[1.780445,46.759426],[1.780349,46.759337],[1.77856,46.758655],[1.777508,46.75885],[1.776743,46.759932],[1.775759,46.760242],[1.775324,46.760454],[1.775169,46.760682],[1.77429,46.761075],[1.774715,46.761549],[1.774978,46.761709],[1.775645,46.762332],[1.775644,46.762427],[1.774156,46.763293],[1.771959,46.765393],[1.771853,46.765404],[1.77169,46.765534],[1.771464,46.765851],[1.772031,46.766072],[1.771411,46.767009],[1.770774,46.766786],[1.770081,46.767808],[1.769738,46.768272],[1.771092,46.768954],[1.772368,46.770478],[1.772295,46.770543],[1.771116,46.771132],[1.770715,46.771342],[1.770143,46.771609],[1.769527,46.771914],[1.769195,46.772047],[1.767779,46.772689],[1.767043,46.773458],[1.76728,46.773589],[1.768724,46.774273],[1.770288,46.774987],[1.770889,46.775197],[1.771599,46.775658],[1.771365,46.775724],[1.770959,46.77579],[1.770789,46.775864],[1.770604,46.776035],[1.770462,46.776224],[1.77009,46.776574],[1.769815,46.776929],[1.769713,46.777223],[1.769712,46.777519],[1.769753,46.777775],[1.770044,46.778482],[1.770212,46.778974],[1.770344,46.779297],[1.770336,46.779454],[1.770221,46.779874],[1.77008,46.780118],[1.769824,46.780492],[1.769396,46.780808],[1.768865,46.78104],[1.76863,46.781178],[1.768518,46.781378],[1.768347,46.781843],[1.767977,46.782105],[1.767591,46.782336],[1.767159,46.782629],[1.766279,46.783367],[1.765493,46.783926],[1.765086,46.784521],[1.764917,46.784663],[1.764323,46.785047],[1.764182,46.785212],[1.764025,46.785475],[1.763753,46.785853],[1.763606,46.785986],[1.762901,46.786348],[1.762749,46.786356],[1.762025,46.786107],[1.761833,46.786002],[1.761389,46.785957],[1.761005,46.785954],[1.760777,46.785922],[1.760433,46.785817],[1.759993,46.785777],[1.759347,46.785843],[1.758808,46.785863],[1.758674,46.785842],[1.758327,46.785716],[1.757997,46.785471],[1.757836,46.785411],[1.757598,46.785387],[1.757365,46.785494],[1.757123,46.7858],[1.756983,46.786083],[1.756659,46.786612],[1.756504,46.786777],[1.756212,46.786964],[1.755908,46.787096],[1.755048,46.787344],[1.754456,46.787481],[1.754326,46.787493],[1.754373,46.787778],[1.754374,46.78858],[1.753971,46.788582],[1.753343,46.78868],[1.75298,46.788785],[1.752546,46.788964],[1.751566,46.7894],[1.751479,46.789501],[1.751513,46.789803],[1.751282,46.789586],[1.751154,46.789502],[1.749654,46.789125],[1.74936,46.789078],[1.749114,46.789214],[1.74838,46.789767],[1.748207,46.789943],[1.748133,46.790243],[1.748126,46.790493],[1.748063,46.790779],[1.747963,46.79094],[1.74773,46.791091],[1.747194,46.791529],[1.746774,46.792256],[1.746538,46.792853],[1.746455,46.792925],[1.746201,46.793022],[1.745364,46.793299],[1.745155,46.793397],[1.744525,46.79389],[1.7444,46.794018],[1.744177,46.794619],[1.743946,46.795005],[1.743552,46.795483],[1.743172,46.795984],[1.743066,46.796165],[1.743037,46.796309],[1.743134,46.796588],[1.743268,46.796759],[1.743309,46.797034],[1.743004,46.79744],[1.742551,46.797755],[1.742326,46.797856],[1.742204,46.797959],[1.742133,46.798093],[1.742104,46.798473],[1.742241,46.799006],[1.742507,46.799657],[1.742811,46.800246],[1.743241,46.800795],[1.743247,46.800946],[1.743171,46.801104],[1.742833,46.801426],[1.742585,46.801544],[1.741887,46.801835],[1.741103,46.802364],[1.740911,46.802518],[1.740851,46.802617],[1.740795,46.803419],[1.740557,46.803845],[1.740616,46.804057],[1.740859,46.804263],[1.741179,46.804378],[1.741843,46.804664],[1.742111,46.804795],[1.742339,46.805009],[1.742423,46.805187],[1.742432,46.805392],[1.742372,46.805544],[1.742001,46.80587],[1.744683,46.806359],[1.744655,46.806633],[1.744753,46.806806],[1.744621,46.807213],[1.744637,46.807522],[1.745801,46.807533],[1.746461,46.807559],[1.746963,46.80766],[1.748454,46.808051],[1.749249,46.808197],[1.753295,46.810106],[1.754011,46.810155],[1.754271,46.810336],[1.75514,46.813589],[1.754978,46.813991],[1.76313,46.816896],[1.770059,46.819441],[1.770868,46.814951],[1.771017,46.814802],[1.7712,46.814357],[1.771648,46.81337],[1.771716,46.813291],[1.771991,46.812792],[1.774712,46.813931],[1.775147,46.814092],[1.775794,46.814264],[1.777083,46.814528],[1.777202,46.814261],[1.7788,46.814581],[1.782233,46.81474],[1.788581,46.810703],[1.792946,46.808065],[1.793389,46.808026],[1.794925,46.807828],[1.796612,46.807636],[1.797481,46.807517],[1.797775,46.807466],[1.79889,46.802023],[1.800866,46.795122],[1.801075,46.795001],[1.801337,46.794787],[1.802031,46.794148],[1.80225,46.794002],[1.802087,46.793834],[1.802126,46.793669],[1.80221,46.793561],[1.803039,46.793031],[1.803571,46.792708],[1.803899,46.792597],[1.804991,46.792366],[1.806085,46.792168],[1.806567,46.792063],[1.807093,46.791915],[1.807759,46.791673],[1.807933,46.791564],[1.808749,46.791002],[1.809225,46.790665],[1.80962,46.790467],[1.809957,46.790336],[1.810768,46.790054],[1.811252,46.789858]]]}"
